Starting Dynare (version 6.1).
Calling Dynare with arguments: none
Preprocessing time: 0h00m01s.

STEADY-STATE RESULTS:

n_0 		 0.43636
n_1 		 0.28182
n_2 		 0.28182
s_0 		 0.43636
s_1 		 0.28182
s_2 		 0.28182
k   		 9.55303
k_0 		 9.55303
k_1 		 9.55303
k_2 		 9.55303
c_0 		 0.871049
c_1 		 0.871049
c_2 		 0.871049
i   		 0.506213
a_0 		 0
a_1 		 0
a_2 		 0

EIGENVALUES:
         Modulus             Real        Imaginary
               0                0                0
               0                0                0
               0                0                0
             0.9              0.9                0
             0.9              0.9                0
             0.9              0.9                0
          0.9338           0.9338                0
           1.194            1.194                0
       6.634e+16        6.634e+16                0
       1.811e+17       -1.811e+17                0
       1.952e+17        1.952e+17                0
       2.404e+17       -2.404e+17                0
       2.416e+17        2.416e+17                0
       4.091e+17        4.091e+17                0
       1.058e+18        1.058e+18                0
       5.083e+18       -5.083e+18                0
       1.012e+19       -1.012e+19                0
       4.315e+32       -4.315e+32                0
        2.91e+35         2.91e+35                0
       5.353e+35        5.353e+35                0

There are 13 eigenvalue(s) larger than 1 in modulus for 13 forward-looking variable(s)
The rank condition is verified.


MODEL SUMMARY

  Number of variables:         17
  Number of stochastic shocks: 3
  Number of state variables:   7
  Number of jumpers:           13
  Number of static variables:  3


MATRIX OF COVARIANCE OF EXOGENOUS SHOCKS
Variables    a_0_shock  a_1_shock  a_2_shock
a_0_shock     0.500000   0.000000   0.000000
a_1_shock     0.000000   0.600000   0.000000
a_2_shock     0.000000   0.000000   0.700000

POLICY AND TRANSITION FUNCTIONS
                                 n_0             n_1             n_2             s_0             s_1             s_2               k             k_0             k_1             k_2             c_0             c_1             c_2               i             a_0             a_1             a_2
Constant                    0.436360        0.281820        0.281820        0.436360        0.281820        0.281820        9.553034        9.553034        9.553034        9.553034        0.871049        0.871049        0.871049        0.506213               0               0               0
k(-1)                      -0.008881        0.004440        0.004440       -0.008881        0.004440        0.004440        0.933828        1.000000        1.000000        1.000000        0.059314        0.059314        0.059314       -0.024630               0               0               0
a_0(-1)                     0.490871       -0.245436       -0.245436        0.343301       -0.171651       -0.171651        1.579636       -3.230683        2.501137        2.501137        0.923323       -0.644565       -0.644565        1.579636        0.900000               0               0
a_1(-1)                    -0.148383        0.243284       -0.094900       -0.074598        0.121845       -0.047247       -0.124921        1.615342       -4.116478        1.615342       -0.219674        1.348214       -0.219674       -0.124921               0        0.900000               0
a_2(-1)                    -0.148383       -0.094900        0.243284       -0.074598       -0.047247        0.121845       -0.124921        1.615342        1.615342       -4.116478       -0.219674       -0.219674        1.348214       -0.124921               0               0        0.900000
a_0_shock                   0.545412       -0.272706       -0.272706        0.381446       -0.190723       -0.190723        1.755152       -3.589648        2.779041        2.779041        1.025915       -0.716183       -0.716183        1.755152        1.000000               0               0
a_1_shock                  -0.164870        0.270315       -0.105445       -0.082887        0.135383       -0.052497       -0.138801        1.794824       -4.573865        1.794824       -0.244083        1.498015       -0.244083       -0.138801               0        1.000000               0
a_2_shock                  -0.164870       -0.105445        0.270315       -0.082887       -0.052497        0.135383       -0.138801        1.794824        1.794824       -4.573865       -0.244083       -0.244083        1.498015       -0.138801               0               0        1.000000


MOMENTS OF SIMULATED VARIABLES
VARIABLE              MEAN       STD. DEV.        VARIANCE        SKEWNESS        KURTOSIS
n_0               0.430058        0.960736        0.923014       -0.122527       -0.128457
n_1               0.296644        0.819786        0.672050        0.049358        0.061985
n_2               0.273298        0.639507        0.408969        0.313579        0.562142
s_0               0.432904        0.597430        0.356923       -0.119742       -0.024578
s_1               0.289385        0.455210        0.207216        0.004084        0.137796
s_2               0.277712        0.355138        0.126123        0.308093        0.482520
k                 9.764742       28.750344      826.582264       -0.193625       -0.547498
k_0               9.837013       24.894445      619.733407       -0.256318       -0.342940
k_1               9.528638       36.794293     1353.820031       -0.229280       -0.466252
k_2               9.924317       31.527863      994.006151       -0.095515       -0.595761
c_0               0.879189        3.277851       10.744304       -0.152841       -0.552127
c_1               0.963542        3.214782       10.334826        0.008216        0.096311
c_2               0.855308        3.361171       11.297472        0.078482        0.482463
i                 0.505454        2.668342        7.120048       -0.219725        0.208279
a_0               0.006442        1.673546        2.800758       -0.286465        0.296486
a_1               0.054863        2.019089        4.076722        0.351473        0.176089
a_2              -0.007266        2.058733        4.238381        0.101853        0.359799


CORRELATION OF SIMULATED VARIABLES
VARIABLE        n_0      n_1      n_2      s_0      s_1      s_2        k      k_0      k_1      k_2      c_0      c_1      c_2        i      a_0      a_1      a_2
n_0          1.0000  -0.7530  -0.5371   0.9845  -0.7965  -0.6354   0.4843   0.1507   0.5583   0.5044   0.7952  -0.6178  -0.2132   0.9411   0.8791  -0.5771  -0.2120
n_1         -0.7530   1.0000  -0.1507  -0.7425   0.9904  -0.0204  -0.4841  -0.2524  -0.6772  -0.2978  -0.6848   0.8873  -0.4151  -0.7585  -0.7505   0.8270  -0.3732
n_2         -0.5371  -0.1507   1.0000  -0.5273  -0.0730   0.9807  -0.1071   0.0971   0.0293  -0.3760  -0.3169  -0.2092   0.8524  -0.4416  -0.3587  -0.1932   0.7969
s_0          0.9845  -0.7425  -0.5273   1.0000  -0.8053  -0.6500   0.3732   0.0353   0.4542   0.3842   0.7144  -0.6190  -0.2176   0.9659   0.8884  -0.4951  -0.1346
s_1         -0.7965   0.9904  -0.0730  -0.8053   1.0000   0.0729  -0.4253  -0.1709  -0.6132  -0.2541  -0.6658   0.8791  -0.3435  -0.8202  -0.7949   0.7651  -0.3596
s_2         -0.6354  -0.0204   0.9807  -0.6500   0.0729   1.0000  -0.0828   0.1597   0.0219  -0.3206  -0.3484  -0.0855   0.8063  -0.5735  -0.4757  -0.1478   0.6873
k            0.4843  -0.4841  -0.1071   0.3732  -0.4253  -0.0828   1.0000   0.9375   0.9657   0.9505   0.9152  -0.1046   0.3529   0.4859   0.6437  -0.4148   0.0176
k_0          0.1507  -0.2524   0.0971   0.0353  -0.1709   0.1597   0.9375   1.0000   0.8692   0.8698   0.7192   0.1304   0.4957   0.1860   0.3909  -0.2270   0.1250
k_1          0.5583  -0.6772   0.0293   0.4542  -0.6132   0.0219   0.9657   0.8692   1.0000   0.8585   0.9252  -0.3463   0.4603   0.5493   0.6846  -0.6112   0.1423
k_2          0.5044  -0.2978  -0.3760   0.3842  -0.2541  -0.3206   0.9505   0.8698   0.8585   1.0000   0.8869   0.0588   0.0612   0.4587   0.5916  -0.2825  -0.2723
c_0          0.7952  -0.6848  -0.3169   0.7144  -0.6658  -0.3484   0.9152   0.7192   0.9252   0.8869   1.0000  -0.3535   0.1566   0.7775   0.8600  -0.5422  -0.0680
c_1         -0.6178   0.8873  -0.2092  -0.6190   0.8791  -0.0855  -0.1046   0.1304  -0.3463   0.0588  -0.3535   1.0000  -0.2314  -0.5331  -0.4385   0.8799  -0.2502
c_2         -0.2132  -0.4151   0.8524  -0.2176  -0.3435   0.8063   0.3529   0.4957   0.4603   0.0612   0.1566  -0.2314   1.0000  -0.0418   0.1128  -0.2639   0.8857
i            0.9411  -0.7585  -0.4416   0.9659  -0.8202  -0.5735   0.4859   0.1860   0.5493   0.4587   0.7775  -0.5331  -0.0418   1.0000   0.9726  -0.4056   0.0409
a_0          0.8791  -0.7505  -0.3587   0.8884  -0.7949  -0.4757   0.6437   0.3909   0.6846   0.5916   0.8600  -0.4385   0.1128   0.9726   1.0000  -0.3733   0.1326
a_1         -0.5771   0.8270  -0.1932  -0.4951   0.7651  -0.1478  -0.4148  -0.2270  -0.6112  -0.2825  -0.5422   0.8799  -0.2639  -0.4056  -0.3733   1.0000  -0.0553
a_2         -0.2120  -0.3732   0.7969  -0.1346  -0.3596   0.6873   0.0176   0.1250   0.1423  -0.2723  -0.0680  -0.2502   0.8857   0.0409   0.1326  -0.0553   1.0000


AUTOCORRELATION OF SIMULATED VARIABLES
VARIABLE         1       2       3       4       5
n_0         0.8954  0.7932  0.6988  0.6170  0.5410
n_1         0.9248  0.8459  0.7697  0.6969  0.6289
n_2         0.8838  0.7857  0.7025  0.6368  0.5772
s_0         0.8804  0.7636  0.6563  0.5626  0.4789
s_1         0.9152  0.8262  0.7399  0.6578  0.5825
s_2         0.8715  0.7612  0.6684  0.5955  0.5313
k           0.9953  0.9856  0.9706  0.9514  0.9286
k_0         0.9836  0.9625  0.9373  0.9097  0.8789
k_1         0.9894  0.9746  0.9559  0.9341  0.9096
k_2         0.9865  0.9696  0.9489  0.9252  0.8987
c_0         0.9710  0.9389  0.9050  0.8709  0.8361
c_1         0.9066  0.8112  0.7228  0.6424  0.5651
c_2         0.9108  0.8347  0.7661  0.7094  0.6543
i           0.8879  0.7779  0.6761  0.5848  0.5072
a_0         0.9104  0.8216  0.7379  0.6607  0.5957
a_1         0.9160  0.8353  0.7647  0.7047  0.6478
a_2         0.9072  0.8269  0.7509  0.6851  0.6234



VARIANCE DECOMPOSITION SIMULATING ONE SHOCK AT A TIME (in percent)
              a_0_shock         a_1_shock         a_2_shock  Tot. lin. contr.
n_0               68.50             10.85             11.47             90.81
n_1               23.52             43.00              7.52             74.04
n_2               38.65             12.04             73.83            124.51
s_0               79.79              6.43              6.91             93.13
s_1               34.36             33.90              6.49             74.75
s_2               56.45             10.50             58.50            125.45
k                 91.76              1.04              0.92             93.72
k_0               96.90              1.24              1.44             99.58
k_1               68.70              9.59              0.66             78.95
k_2               93.57              0.77             12.86            107.21
c_0               82.89              3.60              3.53             90.02
c_1               17.53             82.16              3.67            103.36
c_2               16.03              3.43             79.10             98.56
i                 94.98              0.80              0.88             96.66
a_0              100.11              0.00              0.00            100.11
a_1                0.00            100.11              0.00            100.11
a_2                0.00              0.00            100.11            100.11
Note: numbers do not add up to 100 due to non-zero correlation of simulated shocks in small samples

Total computing time : 0h00m01s
