initval;
n_0=0.43678160919544085;
n_1=0.2816091954014113;
n_2=0.28160919540314777;
s_0=0.43678160919537834;
s_1=0.28160919540206236;
s_2=0.2816091954025593;
k=9.631391200953535;
k_0=9.631391200953374;
k_1=9.6313912009534;
k_2=9.631391200953448;
c_0=0.8739595719383363;
c_1=0.8739595719373454;
c_2=0.873959571939091;
i=0.48156956004767615;
a_0=0;
a_1=0;
a_2=0;
end;


