endval;
a_0=0.4;
n_0=0.43667809092279564;
n_1=0.28166095453856327;
n_2=0.28166095453864104;
s_0=0.4366780909227954;
s_1=0.2816609545386116;
s_2=0.2816609545385929;
k=9.612125029102263;
k_0=9.612125029102263;
k_1=9.612125029102257;
k_2=9.612125029102268;
c_0=0.8732454920762523;
c_1=0.8732454920762295;
c_2=0.8732454920762749;
i=0.49463904156191857;
end;


