initval;
n_0=-1.3231119688830717;
n_1=-1.0601505409809313;
n_2=-0.9485787648986618;
s_0=-1.3231119689075226;
s_1=-1.0601505392769868;
s_2=-0.9485787664059036;
k=0.8881260229845074;
c_0=-1.486859914647511;
c_1=-0.7937127339024505;
c_2=-0.6821409583077122;
i=0.12152852737273838;
a_0=0;
a_1=0;
a_2=0;
end;


