initval;
n_1=-2.383785439268057;
n_2=-0.2621341918499678;
s_1=-2.383785439882868;
s_2=-0.26213419177063846;
k=0.8881260236767904;
c_0=-2.8282778482186557;
c_1=-2.217347632315314;
c_2=1.0043036152892273;
i=0.12152852745691833;
a_0=0;
end;


