initval;
n_1=-1.109321335843777;
n_2=-1.109321335843767;
s_1=-1.831569354501501;
s_2=-1.8315693545014897;
k=0.5661211145214156;
c_0=-0.24189816825755797;
c_1=-1.7222814404537086;
c_2=-1.7222814404537043;
i=0.08597413911903956;
a_0=0;
a_1=0;
a_2=0;
end;


