{
 "cells": [
  {
   "cell_type": "code",
   "execution_count": 1,
   "id": "d963da46",
   "metadata": {},
   "outputs": [],
   "source": [
    "#!pip install --upgrade oct2py\n",
    "import numpy as np\n",
    "from oct2py import octave\n",
    "import matplotlib.pyplot as plt\n",
    "import os\n",
    "from scipy.optimize import root\n",
    "import math"
   ]
  },
  {
   "cell_type": "markdown",
   "id": "09d6d170",
   "metadata": {},
   "source": [
    "`DyPy` is a class that we create and store in a file called `MyPy.py`. It contains methods for \n",
    "\n",
    "* converting data from a Dynare stucture to Numpy arrays.\n",
    "* analyzing the data. \n",
    "\n",
    "See the file for details. "
   ]
  },
  {
   "cell_type": "code",
   "execution_count": 2,
   "id": "a9e3b82b",
   "metadata": {},
   "outputs": [],
   "source": [
    "from MyPy import DyPy"
   ]
  },
  {
   "cell_type": "markdown",
   "id": "bca86bb9",
   "metadata": {},
   "source": [
    "Creates a file called `t_call.m`. This informs Dynare of the format we want for output. It is put here so that adjusments can be made easily; for example the number of periods can be changed here rather than by looking at the `.mod` file. It is included in the `.mod` file via: `@#include \"t_call.m\"` in `model_1.mod`\n",
    "\n",
    "* `order`: the order of approximation for the stochastic simulation. order=1 is a fsrst-order approximation (linearization) Higher-order approximations (e.g., order=2 for second-order) capture nonlinear effects in the model, but they require more computational resources.\n",
    "* `periods`: number of periods (time steps) for which the simulation will be run. periods=1000 means that the model will be simulated for 1000 periods. The default value is 0, which means no simulation will be performed.\n",
    "* `nograph`: suppresses the graphical output of the simulation results in Dynare since we draw them separatetly. \n",
    "* `irf`: the number of periods for which the impulse response functions (IRFs) will be computed and plotted. "
   ]
  },
  {
   "cell_type": "code",
   "execution_count": 3,
   "id": "f2fe4306",
   "metadata": {},
   "outputs": [],
   "source": [
    "with open('t_call.m', 'w') as file:\n",
    "    file.write(\"stoch_simul(nograph, order=1, periods=1000, irf=30);\")"
   ]
  },
  {
   "cell_type": "markdown",
   "id": "7e4aaad7",
   "metadata": {},
   "source": [
    " `make_model.ipyn` writes a file called `t_model.m`. `t_model.m`is the `model` block in the Dynare `.mod` file. It can instead be created directlty by commenting out the next `%run` line and coding the model. `make_model.ipyn` simplifies model creation when many of the lines are very similar to each other. Then they can be written in for loops. For the model we are currently working with, there is not much advantage to writing the file via `make_model` but I have done so nonetheless. \n",
    " \n",
    " The created file is included in the `.mod` file via `@#include \"t_model.m\"` in `model_1.mod`. "
   ]
  },
  {
   "cell_type": "code",
   "execution_count": 4,
   "id": "eff43076",
   "metadata": {},
   "outputs": [],
   "source": [
    "%run make_model.ipynb"
   ]
  },
  {
   "cell_type": "markdown",
   "id": "40f63e8b",
   "metadata": {},
   "source": [
    "`make_files.ipynb` writes the other Dynare blocks. See that file for details. However, note that in doing so, it solves for the steady state of the model using `root` from `scipy`. If the results below do not indicate success, the `.mod` file may not run correctly. Also, note that though we solve for the steady state here, we do not give Dynare the steady state but rather use these as starting values for their ss solver. I will later code a verification the steady states are the same. "
   ]
  },
  {
   "cell_type": "code",
   "execution_count": 5,
   "id": "b6037324",
   "metadata": {},
   "outputs": [
    {
     "name": "stdout",
     "output_type": "stream",
     "text": [
      "eps,tht,alf,bet,om_0,om_1,om_2,delt,psi_n,psi_k,a_0,a_1,a_2\n",
      "eps,tht,alf,bet,om_0,om_1,om_2,delt,psi_n,psi_k,var_a_0,var_a_1,var_a_2,rho_a_0,rho_a_1,rho_a_2\n",
      " message: The solution converged.\n",
      " success: True\n",
      "  status: 1\n",
      "     fun: [-1.110e-16  0.000e+00 ...  8.169e-13 -9.029e-13]\n",
      "       x: [ 4.368e-01  2.816e-01 ...  8.740e-01  4.816e-01]\n",
      "    nfev: 42\n",
      "    fjac: [[-5.560e-02 -5.969e-11 ... -1.278e-03 -5.232e-03]\n",
      "           [-3.941e-02  3.857e-11 ...  5.439e-02  5.471e-04]\n",
      "           ...\n",
      "           [-3.118e-01 -2.372e-01 ... -2.009e-01 -2.498e-01]\n",
      "           [ 6.222e-02 -6.227e-02 ... -2.961e-04  1.741e-03]]\n",
      "       r: [-1.799e+01  2.783e-01 ...  4.606e-01  1.500e-01]\n",
      "     qtf: [-9.314e-13 -1.446e-10 ...  3.518e-12 -1.464e-13]\n"
     ]
    }
   ],
   "source": [
    "%run make_files.ipynb"
   ]
  },
  {
   "cell_type": "markdown",
   "id": "59d8332f",
   "metadata": {},
   "source": [
    "Tells octave where to find the .m file it will run. The file is `call_dynare`. Set to wherever you have this file. \n",
    "\n",
    "\n"
   ]
  },
  {
   "cell_type": "code",
   "execution_count": 6,
   "id": "302dd812",
   "metadata": {},
   "outputs": [],
   "source": [
    "#a=octave.addpath(os.path.expanduser('C:/Users/blankenw/GitHub/dynare_progs/np_1'))"
   ]
  },
  {
   "cell_type": "markdown",
   "id": "6d91690e",
   "metadata": {},
   "source": [
    "If you see the following error message:    \n",
    "`warning: function C:\\dynare\\6.1\\matlab\\+identification\\display.m shadows a built-in function`\n",
    "it can be ignored"
   ]
  },
  {
   "cell_type": "markdown",
   "id": "4df08aa0",
   "metadata": {},
   "source": [
    "Makes a call to Octave, which makes a call to Dynare. Then the `.mod` file is run in Dynare. Output from Dynare is displayed as it runs."
   ]
  },
  {
   "cell_type": "code",
   "execution_count": 7,
   "id": "59a05849",
   "metadata": {},
   "outputs": [
    {
     "name": "stdout",
     "output_type": "stream",
     "text": [
      "warning: function C:\\dynare\\6.1\\matlab\\+identification\\display.m shadows a built-in function\n",
      "warning: called from\n",
      "    call_dynare at line 4 column 4\n",
      "    _pyeval at line 57 column 30\n",
      "\n",
      "warning: function C:\\dynare\\6.1\\matlab\\+identification\\display.m shadows a built-in function\n",
      "warning: called from\n",
      "    call_dynare at line 4 column 4\n",
      "    _pyeval at line 57 column 30\n",
      "\n",
      "Starting Dynare (version 6.1).\n",
      "Calling Dynare with arguments: none\n",
      "Starting preprocessing of the model file ...\n",
      "Found 17 equation(s).\n",
      "Evaluating expressions...\n",
      "Computing static model derivatives (order 1).\n",
      "Normalizing the static model...\n",
      "Finding the optimal block decomposition of the static model...\n",
      "5 block(s) found:\n",
      "  4 recursive block(s) and 1 simultaneous block(s).\n",
      "  the largest simultaneous block has 11 equation(s)\n",
      "                                 and 11 feedback variable(s).\n",
      "Computing dynamic model derivatives (order 1).\n",
      "Normalizing the dynamic model...\n",
      "Finding the optimal block decomposition of the dynamic model...\n",
      "3 block(s) found:\n",
      "  2 recursive block(s) and 1 simultaneous block(s).\n",
      "  the largest simultaneous block has 11 equation(s)\n",
      "                                 and 11 feedback variable(s).\n",
      "Preprocessing completed.\n",
      "Preprocessing time: 0h00m01s.\n",
      "\n",
      "STEADY-STATE RESULTS:\n",
      "\n",
      "n_0 \t\t 0.436782\n",
      "n_1 \t\t 0.281609\n",
      "n_2 \t\t 0.281609\n",
      "s_0 \t\t 0.436782\n",
      "s_1 \t\t 0.281609\n",
      "s_2 \t\t 0.281609\n",
      "k   \t\t 9.63139\n",
      "k_0 \t\t 9.63139\n",
      "k_1 \t\t 9.63139\n",
      "k_2 \t\t 9.63139\n",
      "c_0 \t\t 0.87396\n",
      "c_1 \t\t 0.87396\n",
      "c_2 \t\t 0.87396\n",
      "i   \t\t 0.48157\n",
      "a_0 \t\t 0\n",
      "a_1 \t\t 0\n",
      "a_2 \t\t 0\n",
      "\n",
      "EIGENVALUES:\n",
      "         Modulus             Real        Imaginary\n",
      "       1.735e-16        1.735e-16                0\n",
      "          0.5661           0.5661                0\n",
      "          0.5848           0.5848                0\n",
      "             0.9              0.9                0\n",
      "             0.9              0.9                0\n",
      "             0.9              0.9                0\n",
      "          0.9173           0.9173                0\n",
      "           1.138            1.138                0\n",
      "           1.155            1.155          0.02723\n",
      "           1.155            1.155         -0.02723\n",
      "             Inf             -Inf                0\n",
      "             Inf              Inf                0\n",
      "             Inf             -Inf                0\n",
      "             Inf              Inf                0\n",
      "             Inf              Inf                0\n",
      "             Inf             -Inf                0\n",
      "             Inf              Inf                0\n",
      "             Inf              Inf                0\n",
      "             Inf             -Inf                0\n",
      "             Inf             -Inf                0\n",
      "\n",
      "There are 13 eigenvalue(s) larger than 1 in modulus for 13 forward-looking variable(s)\n",
      "The rank condition is verified.\n",
      "\n",
      "\n",
      "MODEL SUMMARY\n",
      "\n",
      "  Number of variables:         17\n",
      "  Number of stochastic shocks: 3\n",
      "  Number of state variables:   7\n",
      "  Number of jumpers:           13\n",
      "  Number of static variables:  3\n",
      "\n",
      "\n",
      "MATRIX OF COVARIANCE OF EXOGENOUS SHOCKS\n",
      "Variables    a_0_shock  a_1_shock  a_2_shock\n",
      "a_0_shock     0.500000   0.000000   0.000000\n",
      "a_1_shock     0.000000   0.600000   0.000000\n",
      "a_2_shock     0.000000   0.000000   0.700000\n",
      "\n",
      "POLICY AND TRANSITION FUNCTIONS\n",
      "                                 n_0             n_1             n_2             s_0             s_1             s_2               k             k_0             k_1             k_2             c_0             c_1             c_2               i             a_0             a_1             a_2\n",
      "Constant                    0.436782        0.281609        0.281609        0.436782        0.281609        0.281609        9.631391        9.631391        9.631391        9.631391        0.873960        0.873960        0.873960        0.481570               0               0               0\n",
      "k(-1)                      -0.003416        0.001708        0.001708       -0.009897        0.004949        0.004949        0.926743        0.857091        1.110828        1.110828        0.072968        0.055700        0.055700       -0.023257               0               0               0\n",
      "n_0(-1)                     0.324091       -0.162045       -0.162045        0.128220       -0.064110       -0.064110        0.530902       -4.319103        3.349508        3.349508        0.170960       -0.350931       -0.350931        0.530902               0               0               0\n",
      "n_1(-1)                    -0.251336        0.408742       -0.157406       -0.099436        0.106333       -0.006897       -0.411720        3.349508      -10.342774        5.147618       -0.132582        0.799254       -0.254953       -0.411720               0               0               0\n",
      "n_2(-1)                    -0.251336       -0.157406        0.408742       -0.099436       -0.006897        0.106333       -0.411720        3.349508        5.147618      -10.342774       -0.132582       -0.254953        0.799254       -0.411720               0               0               0\n",
      "a_0(-1)                     0.110919       -0.055459       -0.055459        0.276218       -0.138109       -0.138109        1.381660        3.644977       -2.826717       -2.826717        0.439046       -0.300365       -0.300365        1.381660        0.900000               0               0\n",
      "a_1(-1)                    -0.034472        0.059780       -0.025307       -0.037368        0.077882       -0.040515        0.021712       -0.063848        0.619134       -0.520105       -0.133188        1.000177       -0.102137        0.021712               0        0.900000               0\n",
      "a_2(-1)                    -0.034472       -0.025307        0.059780       -0.037368       -0.040515        0.077882        0.021712       -0.063848       -0.520105        0.619134       -0.133188       -0.102137        1.000177        0.021712               0               0        0.900000\n",
      "a_0_shock                   0.123243       -0.061622       -0.061622        0.306909       -0.153454       -0.153454        1.535178        4.049975       -3.140797       -3.140797        0.487829       -0.333739       -0.333739        1.535178        1.000000               0               0\n",
      "a_1_shock                  -0.038302        0.066422       -0.028119       -0.041520        0.086536       -0.045016        0.024125       -0.070942        0.687926       -0.577894       -0.147987        1.111307       -0.113486        0.024125               0        1.000000               0\n",
      "a_2_shock                  -0.038302       -0.028119        0.066422       -0.041520       -0.045016        0.086536        0.024125       -0.070942       -0.577894        0.687926       -0.147987       -0.113486        1.111307        0.024125               0               0        1.000000\n",
      "\n",
      "\n",
      "MOMENTS OF SIMULATED VARIABLES\n",
      "VARIABLE              MEAN       STD. DEV.        VARIANCE        SKEWNESS        KURTOSIS\n",
      "n_0               0.433522        0.445385        0.198367       -0.134122       -0.133832\n",
      "n_1               0.289555        0.416152        0.173183        0.074638        0.013732\n",
      "n_2               0.276923        0.331044        0.109590        0.344730        0.559019\n",
      "s_0               0.434293        0.521027        0.271469       -0.136281        0.021105\n",
      "s_1               0.287616        0.384170        0.147587       -0.001831        0.174707\n",
      "s_2               0.278091        0.300361        0.090216        0.324160        0.441215\n",
      "k                 9.814135       25.093130      629.665196       -0.249385       -0.292011\n",
      "k_0               9.836469       24.293273      590.163130       -0.279627       -0.160247\n",
      "k_1               9.753161       27.335465      747.227668       -0.241790       -0.269800\n",
      "k_2               9.859433       25.313930      640.795067       -0.196958       -0.455209\n",
      "c_0               0.882945        2.631069        6.922525       -0.169216       -0.526796\n",
      "c_1               0.952091        2.593394        6.725692        0.111044        0.121444\n",
      "c_2               0.863412        2.868491        8.228239        0.018961        0.759893\n",
      "i                 0.485633        2.578969        6.651083       -0.266208        0.371816\n",
      "a_0               0.006442        1.673546        2.800758       -0.286465        0.296486\n",
      "a_1               0.054863        2.019089        4.076722        0.351473        0.176089\n",
      "a_2              -0.007266        2.058733        4.238381        0.101853        0.359799\n",
      "\n",
      "\n",
      "CORRELATION OF SIMULATED VARIABLES\n",
      "VARIABLE        n_0      n_1      n_2      s_0      s_1      s_2        k      k_0      k_1      k_2      c_0      c_1      c_2        i      a_0      a_1      a_2\n",
      "n_0          1.0000  -0.7067  -0.4570   0.9352  -0.7705  -0.6369   0.4870   0.4703   0.3817   0.3608   0.6904  -0.5618  -0.1681   0.8707   0.8269  -0.5768  -0.2374\n",
      "n_1         -0.7067   1.0000  -0.3063  -0.6725   0.9491  -0.0474  -0.5089  -0.5081  -0.4873  -0.3388  -0.6221   0.8260  -0.4829  -0.6943  -0.6974   0.8245  -0.3788\n",
      "n_2         -0.4570  -0.3063   1.0000  -0.4129  -0.1565   0.9165  -0.0155   0.0060   0.0989  -0.0595  -0.1468  -0.2824   0.8333  -0.2986  -0.2358  -0.2604   0.7955\n",
      "s_0          0.9352  -0.6725  -0.4129   1.0000  -0.8214  -0.6840   0.3438   0.3626   0.1932   0.1640   0.5602  -0.5503  -0.1402   0.9493   0.8858  -0.4524  -0.0924\n",
      "s_1         -0.7705   0.9491  -0.1565  -0.8214   1.0000   0.1459  -0.4190  -0.4397  -0.3359  -0.2189  -0.5713   0.8096  -0.3727  -0.8310  -0.8065   0.7313  -0.3651\n",
      "s_2         -0.6369  -0.0474   0.9165  -0.6840   0.1459   1.0000  -0.0604  -0.0665   0.0944  -0.0045  -0.2410  -0.0809   0.7199  -0.5839  -0.5051  -0.1505   0.6273\n",
      "k            0.4870  -0.5089  -0.0155   0.3438  -0.4190  -0.0604   1.0000   0.9942   0.9776   0.9694   0.9649  -0.0445   0.4233   0.5264   0.6715  -0.3800   0.0650\n",
      "k_0          0.4703  -0.5081   0.0060   0.3626  -0.4397  -0.0665   0.9942   1.0000   0.9585   0.9479   0.9585  -0.0354   0.4515   0.5575   0.7053  -0.3537   0.1113\n",
      "k_1          0.3817  -0.4873   0.0989   0.1932  -0.3359   0.0944   0.9776   0.9585   1.0000   0.9743   0.9137  -0.0429   0.4721   0.3714   0.5271  -0.4092   0.0742\n",
      "k_2          0.3608  -0.3388  -0.0595   0.1640  -0.2189  -0.0045   0.9694   0.9479   0.9743   1.0000   0.9013   0.0914   0.3511   0.3386   0.4961  -0.3025  -0.0445\n",
      "c_0          0.6904  -0.6221  -0.1468   0.5602  -0.5713  -0.2410   0.9649   0.9585   0.9137   0.9013   1.0000  -0.2144   0.2836   0.6841   0.7946  -0.5019  -0.0393\n",
      "c_1         -0.5618   0.8260  -0.2824  -0.5503   0.8096  -0.0809  -0.0445  -0.0354  -0.0429   0.0914  -0.2144   1.0000  -0.1842  -0.4131  -0.3493   0.8953  -0.1908\n",
      "c_2         -0.1681  -0.4829   0.8333  -0.1402  -0.3727   0.7199   0.4233   0.4515   0.4721   0.3511   0.2836  -0.1842   1.0000   0.0934   0.1974  -0.2491   0.8943\n",
      "i            0.8707  -0.6943  -0.2986   0.9493  -0.8310  -0.5839   0.5264   0.5575   0.3714   0.3386   0.6841  -0.4131   0.0934   1.0000   0.9797  -0.3600   0.1033\n",
      "a_0          0.8269  -0.6974  -0.2358   0.8858  -0.8065  -0.5051   0.6715   0.7053   0.5271   0.4961   0.7946  -0.3493   0.1974   0.9797   1.0000  -0.3733   0.1326\n",
      "a_1         -0.5768   0.8245  -0.2604  -0.4524   0.7313  -0.1505  -0.3800  -0.3537  -0.4092  -0.3025  -0.5019   0.8953  -0.2491  -0.3600  -0.3733   1.0000  -0.0553\n",
      "a_2         -0.2374  -0.3788   0.7955  -0.0924  -0.3651   0.6273   0.0650   0.1113   0.0742  -0.0445  -0.0393  -0.1908   0.8943   0.1033   0.1326  -0.0553   1.0000\n",
      "\n",
      "\n",
      "AUTOCORRELATION OF SIMULATED VARIABLES\n",
      "VARIABLE         1       2       3       4       5\n",
      "n_0         0.9637  0.8908  0.8007  0.7053  0.6091\n",
      "n_1         0.9743  0.9215  0.8547  0.7819  0.7078\n",
      "n_2         0.9679  0.9084  0.8384  0.7670  0.6965\n",
      "s_0         0.9045  0.7934  0.6809  0.5743  0.4771\n",
      "s_1         0.9313  0.8473  0.7584  0.6694  0.5859\n",
      "s_2         0.9009  0.7989  0.7035  0.6200  0.5448\n",
      "k           0.9947  0.9830  0.9649  0.9416  0.9140\n",
      "k_0         0.9907  0.9789  0.9629  0.9427  0.9190\n",
      "k_1         0.9872  0.9683  0.9439  0.9153  0.8840\n",
      "k_2         0.9863  0.9670  0.9427  0.9145  0.8833\n",
      "c_0         0.9867  0.9673  0.9425  0.9141  0.8825\n",
      "c_1         0.9289  0.8462  0.7634  0.6846  0.6070\n",
      "c_2         0.9379  0.8760  0.8140  0.7572  0.7009\n",
      "i           0.9090  0.8070  0.7044  0.6064  0.5207\n",
      "a_0         0.9104  0.8216  0.7379  0.6607  0.5957\n",
      "a_1         0.9160  0.8353  0.7647  0.7047  0.6478\n",
      "a_2         0.9072  0.8269  0.7509  0.6851  0.6234\n",
      "\n",
      "\n",
      "\n",
      "VARIANCE DECOMPOSITION SIMULATING ONE SHOCK AT A TIME (in percent)\n",
      "              a_0_shock         a_1_shock         a_2_shock  Tot. lin. contr.\n",
      "n_0               62.85             13.72             14.27             90.84\n",
      "n_1               18.00             48.03              8.98             75.00\n",
      "n_2               28.44             13.93             78.21            120.58\n",
      "s_0               84.66              4.63              4.90             94.20\n",
      "s_1               38.93             29.82              6.68             75.43\n",
      "s_2               63.69             10.68             50.80            125.17\n",
      "k                 97.07              0.19              0.18             97.44\n",
      "k_0              100.38              0.13              0.15            100.66\n",
      "k_1               86.46              2.12              0.14             88.71\n",
      "k_2              100.82              0.14              2.42            103.38\n",
      "c_0               87.22              2.27              2.24             91.73\n",
      "c_1               18.66             92.74              2.08            113.49\n",
      "c_2               15.26              1.72             79.01             95.98\n",
      "i                 98.10              0.15              0.16             98.42\n",
      "a_0              100.11              0.00              0.00            100.11\n",
      "a_1                0.00            100.11              0.00            100.11\n",
      "a_2                0.00              0.00            100.11            100.11\n",
      "Note: numbers do not add up to 100 due to non-zero correlation of simulated shocks in small samples\n",
      "\n",
      "Total computing time : 0h00m01s\n",
      "x = 1\n"
     ]
    }
   ],
   "source": [
    "y=1\n",
    "x=octave.call_dynare(y,nout=1)\n",
    "\n"
   ]
  },
  {
   "cell_type": "markdown",
   "id": "531543fe",
   "metadata": {},
   "source": [
    "Dynare creates a `structure` which we will need so we `pull` it."
   ]
  },
  {
   "cell_type": "markdown",
   "id": "1a99fe40",
   "metadata": {},
   "source": [
    "The output from Dynare is stored in a file called `oo_`. This brings `oo_` in as `oo`."
   ]
  },
  {
   "cell_type": "code",
   "execution_count": 8,
   "id": "90d370ef",
   "metadata": {},
   "outputs": [
    {
     "name": "stdout",
     "output_type": "stream",
     "text": [
      "warning: load: classdef element has been converted to a struct\n",
      "warning: called from\n",
      "    _pyeval at line 28 column 9\n",
      "\n",
      "warning: load: classdef element has been converted to a struct\n",
      "warning: called from\n",
      "    _pyeval at line 28 column 9\n",
      "\n"
     ]
    },
    {
     "data": {
      "text/plain": [
       "oct2py.io.Struct"
      ]
     },
     "execution_count": 8,
     "metadata": {},
     "output_type": "execute_result"
    }
   ],
   "source": [
    "oo = octave.pull('oo_') \n",
    "type(oo)"
   ]
  },
  {
   "cell_type": "markdown",
   "id": "39491efd",
   "metadata": {},
   "source": [
    "Create an instance of DyPy."
   ]
  },
  {
   "cell_type": "code",
   "execution_count": 9,
   "id": "dbeac9d9",
   "metadata": {},
   "outputs": [],
   "source": [
    "t1 = DyPy(oo)\n"
   ]
  },
  {
   "cell_type": "markdown",
   "id": "c3a9a75e",
   "metadata": {},
   "source": [
    "Draw all impulse response functions. "
   ]
  },
  {
   "cell_type": "code",
   "execution_count": 10,
   "id": "ebda9939",
   "metadata": {},
   "outputs": [
    {
     "data": {
