nw=44;
nr=17;
bb=1;
mu=0.85;
theta=1;
nu=0.33;
gepar=0.0535;
gupar=0.0204;
chi=1;
share_lump=0.99995;
phi=-0.78;
A=1;
alfa=0.33;
deltak=0.06509116456620082;
deltae=0.05;
var_GY=0.0026;
rho_GY=0.81;
var_Ge=0.0026;
rho_Ge=0.93;
var_Gu=0.0026;
rho_Gu=0.81;
rat_ge=0.0535;
rat_gu=0.0204;
beta1=1.0;
beta2=1.0599416020694636;
beta3=1.0775177497358845;
beta4=1.076885187655923;
beta5=1.0662890332321335;
beta6=1.0496229714387397;
beta7=1.0290554475716922;
beta8=1.0059220300445857;
beta9=0.9811025599031485;
beta10=0.955204760544888;
beta11=0.9286630583914768;
beta12=0.9017959289706101;
beta13=0.8748411891574706;
beta14=0.8479787661265344;
beta15=0.8213459665612263;
beta16=0.7950480525681474;
beta17=0.769165769772853;
beta18=0.7437608326087255;
beta19=0.71888000251488;
beta20=0.6945581735685363;
beta21=0.6708207431395867;
beta22=0.6476854578786765;
beta23=0.6251638682749951;
beta24=0.6032624868282405;
beta25=0.5819837187907536;
beta26=0.561326616279944;
beta27=0.5412874937102972;
beta28=0.5218604332569924;
beta29=0.5030377023288918;
beta30=0.4848101000549866;
beta31=0.46716724607076854;
beta32=0.4500978220812482;
beta33=0.4335897745318384;
beta34=0.41763048506425515;
beta35=0.40220691414800613;
beta36=0.3873057222689036;
beta37=0.3729133722583369;
beta38=0.3590162157118433;
beta39=0.34560056593623767;
beta40=0.33265275945359096;
beta41=0.32015920775669005;
beta42=0.30810644073816773;
beta43=0.29648114299181905;
beta44=0.2852701840000533;
beta45=0.27446064306839996;
beta46=0.26403982974050955;
beta47=0.25399530032045786;
beta48=0.24431487103958938;
beta49=0.23498662832960418;
beta50=0.22599893659967218;
beta51=0.21734044386107118;
beta52=0.20900008549659072;
beta53=0.20096708643241215;
beta54=0.19323096193628606;
beta55=0.18578151723669978;
beta56=0.17860884613262432;
beta57=0.1717033287417384;
beta58=0.16505562851624792;
beta59=0.15865668863911525;
beta60=0.15249772789933974;
beta61=0.14657023613257433;
gama1=4.5919252632979894;
gama2=4.36303204791637;
gama3=4.4102858155589075;
gama4=4.530155046426324;
gama5=4.673619234117762;
gama6=4.823233922429917;
gama7=4.971471476373979;
gama8=5.114694557507081;
gama9=5.251015186845676;
gama10=5.379406487277993;
gama11=5.499292196218843;
gama12=5.610341380909012;
gama13=5.712359451268959;
gama14=5.805227562583872;
gama15=5.888867684273206;
gama16=5.963221883515709;
gama17=6.028239759473759;
gama18=6.083870681293563;
gama19=6.130058917462301;
gama20=6.1667405309382115;
gama21=6.193841360485326;
gama22=6.2112756686684945;
gama23=6.21894519222765;
gama24=6.21673842513736;
gama25=6.204530023217544;
gama26=6.182180255841211;
gama27=6.149534453394784;
gama28=6.106422413665496;
gama29=6.0526577392914716;
gama30=5.988037083685762;
gama31=5.912339285597355;
gama32=5.825324373420655;
gama33=5.726732419944588;
gama34=5.616282226692038;
gama35=5.493669814454561;
gama36=5.358566693094572;
gama37=5.210617879103728;
gama38=5.0494396236340355;
gama39=4.874616806540665;
gama40=4.6856999430885224;
gama41=4.4822017389659665;
gama42=4.263593115569608;
gama43=4.029298610445342;
gama44=3.778691036324577;
x1=-0.0;
x2=9.965457148454959e-05;
x3=0.00019158451751357912;
x4=0.000277345326921895;
x5=0.0003576092622243197;
x6=0.0004327999583417122;
x7=0.0005032211427356145;
x8=0.0005691065849274938;
x9=0.0006306445875639875;
x10=0.0006879917363406935;
x11=0.0007412813491168347;
x12=0.000790629016934021;
x13=0.0008361364217405744;
x14=0.0008778940708821959;
x15=0.0009159833181305901;
x16=0.0009504778966039694;
x17=0.0009814451070549323;
x18=0.001008946756262924;
x19=0.0010330399100492934;
x20=0.0010537775060348034;
x21=0.001071208858429608;
x22=0.0010853800784362245;
x23=0.0010963344277966159;
x24=0.0011041126187265196;
x25=0.0011087530703850867;
x26=0.0011102921297571674;
x27=0.0011087642631348947;
x28=0.0011042022231094936;
x29=0.0010966371950097526;
x30=0.0010860989259708982;
x31=0.0010726158392301605;
x32=0.0010562151357825138;
x33=0.0010369228851621962;
x34=0.0010147641068208525;
x35=0.0009897628433351263;
x36=0.000961942226482969;
x37=0.0009313245370694981;
x38=0.0008979312592527312;
x39=0.0008617831300113941;
x40=0.0008229001843069162;
x41=0.0007813017964162849;
x42=0.0007370067178489547;
x43=0.0006900331122073389;
x44=0.0006403985873048202;
gj6=0.07429420505200594;
gj7=0.07429420505200594;
gj8=0.07429420505200594;
gj9=0.07429420505200594;
gj10=0.07429420505200594;
gj11=0.07429420505200594;
gj12=0.07429420505200594;
gj13=0.07429420505200594;
gj14=0.07429420505200594;
gj15=0.08023774145616643;
gj16=0.08023774145616643;
gj17=0.08543833580980682;
gj18=0.08543833580980682;
eta6=0.07692307692307693;
eta7=0.07692307692307693;
eta8=0.07692307692307693;
eta9=0.07692307692307693;
eta10=0.07692307692307693;
eta11=0.07692307692307693;
eta12=0.07692307692307693;
eta13=0.07692307692307693;
eta14=0.07692307692307693;
eta15=0.07692307692307693;
eta16=0.07692307692307693;
eta17=0.07692307692307693;
eta18=0.07692307692307693;
SSGe=0.0014331218166040304;
SSGu=0.0005464614029667705;
