s1=-0.00020295027543116087;
s2=-0.0003952028906771694;
s3=-0.0005692530034628112;
s4=-0.0007216142155764637;
s5=-0.000850374514324541;
s6=-0.0009544891546419362;
s7=-0.0010334763489124666;
s8=-0.001087255710642488;
s9=-0.0011160505124004592;
s10=-0.001120323043849748;
s11=-0.0011007290099841894;
s12=-0.0010580837448623606;
s13=-0.0009933361931626996;
s14=-0.0009075482346495199;
s15=-0.0008018778191753935;
s16=-0.0006775649008551176;
s17=-0.0005359194794046793;
s18=-0.0003783112605290326;
s19=-0.0002061605819719216;
s20=-2.09303435276473e-05;
s21=0.00017588125668472;
s22=0.0003827473317096169;
s23=0.0005981183797950937;
s24=0.0008204279171709202;
s25=0.001048097745257754;
s26=0.0012795429139091064;
s27=0.0015131764314183782;
s28=0.001747413763546264;
s29=0.0019806771571468477;
s30=0.0022113998186643995;
s31=0.002438029973521848;
s32=0.0026590348289917717;
s33=0.0028729044603552534;
s34=0.003078155637879284;
s35=0.003273335610276936;
s36=0.0034570258587768962;
s37=0.003627845834658247;
s38=0.0037844566920539843;
s39=0.003925565026954198;
s40=0.004049926632616418;
s41=0.00415635028099183;
s42=0.004243701539282111;
s43=0.004310906630336437;
s44=0.004356956345268794;
s45=0.004165953326314417;
s46=0.0039681496518471525;
s47=0.0037633109074161264;
s48=0.0035511928331142992;
s49=0.0033315410046919946;
s50=0.003104090498246759;
s51=0.002868565538279901;
s52=0.0026246791288549033;
s53=0.002372132667541828;
s54=0.0021106155417841073;
s55=0.0018398047072790272;
s56=0.0015593642479203149;
s57=0.0012689449168100247;
s58=0.0009681836578070003;
s59=0.0006567031070402569;
s60=0.0003341110737773551;
rev_S2=-3.599647744663706e-11;
rev_S3=-7.009555375514539e-11;
rev_S4=-1.0096612511141878e-10;
rev_S5=-1.2798982302924528e-10;
rev_S6=-1.5082752147562923e-10;
rev_S7=-1.6929391820304362e-10;
rev_S8=-1.8330356047178103e-10;
rev_S9=-1.9284219045144758e-10;
rev_S10=-1.9794940910320434e-10;
rev_S11=-1.9870721089296604e-10;
rev_S12=-1.9523189558909766e-10;
rev_S13=-1.876680757277915e-10;
rev_S14=-1.761840618257145e-10;
rev_S15=-1.6096819524335962e-10;
rev_S16=-1.4222585690797087e-10;
rev_S17=-1.2017697251431912e-10;
rev_S18=-9.505389146489452e-11;
rev_S19=-6.7099552974301e-11;
rev_S20=-3.656587665905883e-11;
rev_S21=-3.712331196115452e-12;
rev_S22=3.1195354015102915e-11;
rev_S23=6.788636115115288e-11;
rev_S24=1.060858612927384e-10;
rev_S25=1.455160134880016e-10;
rev_S26=1.8589689897631536e-10;
rev_S27=2.2694740149863098e-10;
rev_S28=2.683860426925602e-10;
rev_S29=3.099317800668455e-10;
rev_S30=3.513047738656025e-10;
rev_S31=3.9222712819156e-10;
rev_S32=4.324236110035338e-10;
rev_S33=4.716223569949813e-10;
rev_S34=5.095555568664318e-10;
rev_S35=5.459601361011397e-10;
rev_S36=5.805784260222607e-10;
rev_S37=6.131588296371293e-10;
rev_S38=6.434564845488311e-10;
rev_S39=6.712339250286117e-10;
rev_S40=6.962617451878947e-10;
rev_S41=7.183192650603726e-10;
rev_S42=7.371952012984278e-10;
rev_S43=7.526883441005326e-10;
rev_S44=7.646082419144027e-10;
rev_S45=7.727758954022588e-10;
rev_S46=7.388984549828052e-10;
rev_S47=7.038148095346966e-10;
rev_S48=6.674833819057162e-10;
rev_S49=6.298608486945222e-10;
rev_S50=5.909020836910327e-10;
rev_S51=5.505600984038079e-10;
rev_S52=5.087859796372493e-10;
rev_S53=4.655288240716437e-10;
rev_S54=4.207356697900294e-10;
rev_S55=3.7435142468739e-10;
rev_S56=3.2631879168969e-10;
rev_S57=2.76578190702654e-10;
rev_S58=2.2506767720288342e-10;
rev_S59=1.7172285737682339e-10;
rev_S60=1.1647679970618838e-10;
rev_S61=5.925994289166489e-11;
g6=-9.14762244986795;
g7=-9.14762244986795;
g8=-9.14762244986795;
g9=-9.14762244986795;
g10=-9.14762244986795;
g11=-9.14762244986795;
g12=-9.14762244986795;
g13=-9.14762244986795;
g14=-9.14762244986795;
g15=-9.070661408731821;
g16=-9.070661408731821;
g17=-9.00786050749279;
g18=-9.00786050749279;
h1=-7.748053232027191;
h2=-7.581771844361721;
h3=-7.450609736453849;
h4=-7.342588123919026;
h5=-7.251464037188201;
h6=-7.1733499953513595;
h7=-7.1056289365426695;
h8=-7.046447013374779;
h9=-6.994441421768828;
h10=-6.948581458578353;
h11=-6.908069945672621;
h12=-6.872279213524588;
h13=-6.840707974209631;
h14=-6.812951382525336;
h15=-6.7886797291151995;
h16=-6.767622959943746;
h17=-6.7495592354871095;
h18=-6.734306359163916;
h19=-6.721715289527433;
h20=-6.711665198383952;
h21=-6.704059700562171;
h22=-6.698823991819769;
h23=-6.695902708280584;
h24=-6.695258375654828;
h25=-6.696870356879554;
h26=-6.700734237746633;
h27=-6.706861615028263;
h28=-6.715280273103486;
h29=-6.726034755154992;
h30=-6.739187355447683;
h31=-6.754819581858888;
h32=-6.773034164837038;
h33=-6.793957723059409;
h34=-6.817744241021193;
h35=-6.844579575103032;
h36=-6.874687290577296;
h37=-6.908336255277039;
h38=-6.945850596502652;
h39=-6.987622899128345;
h40=-7.03413193990292;
h41=-7.085966910533445;
h42=-7.143861149183718;
h43=-7.2087401882255895;
h44=-7.281792035273198;
c1=-8.382468606603743;
c2=-8.286959178513852;
c3=-8.2332173629292;
c4=-8.196508976347317;
c5=-8.169101724011517;
c6=-8.147559512383083;
c7=-8.130053583069117;
c8=-8.11549474575973;
c9=-8.10318197423574;
c10=-8.092637634302239;
c11=-8.083521766649548;
c12=-8.075583881366994;
c13=-8.068634147356525;
c14=-8.06252530973149;
c15=-8.05714087416177;
c16=-8.052387121213407;
c17=-8.048187552003109;
c18=-8.0444789281755;
c19=-8.041208387090306;
c20=-8.038331300115544;
c21=-8.035809655710967;
c22=-8.033610820300767;
c23=-8.031706575816264;
c24=-8.030072363005884;
c25=-8.028686679931548;
c26=-8.027530598999064;
c27=-8.026587375582203;
c28=-8.025842128179157;
c29=-8.02528157498296;
c30=-8.024893815346234;
c31=-8.024668147272882;
c32=-8.02459491404636;
c33=-8.024665374592928;
c34=-8.02487159331085;
c35=-8.02520634596551;
c36=-8.025663038923142;
c37=-8.026235639520747;
c38=-8.026918615782282;
c39=-8.027706884017839;
c40=-8.028595763102762;
c41=-8.029580934442393;
c42=-8.030658406796377;
c43=-8.031824485273182;
c44=-8.033075743916685;
c45=-8.034409001398101;
c46=-8.035821299401645;
c47=-8.037309883354544;
c48=-8.038872185203727;
c49=-8.040505807984667;
c50=-8.042208511963944;
c51=-8.043978202167603;
c52=-8.04581291713294;
c53=-8.047710818743157;
c54=-8.049670183022764;
c55=-8.051689391787404;
c56=-8.053766925055207;
c57=-8.055901354138369;
c58=-8.058091335343608;
c59=-8.060335604218686;
c60=-8.062632970289672;
c61=-8.064982312239998;
L1=-2.1736649680628726;
L2=-1.8042585936800488;
L3=-1.6022948552554253;
L4=-1.4674567988842284;
L5=-1.3688530662680871;
L6=-1.2929107723711653;
L7=-1.2324747031309677;
L8=-1.183319335605837;
L9=-1.1427463785846264;
L10=-1.1089312260035014;
L11=-1.0805848543943362;
L12=-1.0567646443012295;
L13=-1.0367618473358806;
L14=-1.0200312693218534;
L15=-1.0061455180173826;
L16=-0.9947642084655327;
L17=-0.9856126312813733;
L18=-0.9784666066244356;
L19=-0.9731414976887076;
L20=-0.9694840914227385;
L21=-0.9673664995054432;
L22=-0.9666815109717388;
L23=-0.9673390065396431;
L24=-0.9692631620856362;
L25=-0.9723902475085607;
L26=-0.976666881135234;
L27=-0.9820486373663259;
L28=-0.9884989318386476;
L29=-0.9959881274848201;
L30=-1.0044928188079714;
L31=-1.0139952620039834;
L32=-1.0244829263116326;
L33=-1.0359481478828183;
L34=-1.0483878720558983;
L35=-1.06180347355408;
L36=-1.0762006470875973;
L37=-1.091589363315167;
L38=-1.1079838872732026;
L39=-1.1254028583364517;
L40=-1.1438694326385115;
L41=-1.1634114907531337;
L42=-1.1840619154140155;
L43=-1.2058589462348037;
L44=-1.228846620899971;
rev_L1=-22.02402031728612;
rev_L2=-21.488332555237825;
rev_L3=-21.155206708905332;
rev_L4=-20.91234703999931;
rev_L5=-20.722619220652344;
rev_L6=-20.56856288491858;
rev_L7=-20.440405756869694;
rev_L8=-20.332068466176672;
rev_L9=-20.23948991754951;
rev_L10=-20.15981480177791;
rev_L11=-20.090956917263014;
rev_L12=-20.031345975021875;
rev_L13=-19.979771938741568;
rev_L14=-19.935284769043246;
rev_L15=-19.89712736432864;
rev_L16=-19.864689285605333;
rev_L17=-19.83747398396454;
rev_L18=-19.815075082984407;
rev_L19=-19.797158904412196;
rev_L20=-19.783451407002747;
rev_L21=-19.77372831726367;
rev_L22=-19.767807619987565;
