initval;
n_0=0.43678160919245;
n_1=0.2816091954037748;
n_2=0.28160919540377516;
s_0=0.43678160917252584;
s_1=0.2816091953886884;
s_2=0.2816091953886884;
k=9.631391201554575;
k_0=9.63139120141994;
k_1=9.631391201704357;
k_2=9.631391201704355;
c_0=0.873959571933313;
c_1=0.8739595719514938;
c_2=0.8739595719514939;
a_0=0;
a_1=0;
a_2=0;
end;


