{
 "cells": [
  {
   "cell_type": "code",
   "execution_count": 1,
   "id": "d963da46",
   "metadata": {},
   "outputs": [],
   "source": [
    "#!pip install --upgrade oct2py\n",
    "import numpy as np\n",
    "from oct2py import octave\n",
    "import matplotlib.pyplot as plt\n",
    "import os\n",
    "from scipy.optimize import root\n",
    "import pickle"
   ]
  },
  {
   "cell_type": "markdown",
   "id": "09d6d170",
   "metadata": {},
   "source": [
    "`DyPy` is a class that we create and store in a file called `MyPy.py`. It contains methods for \n",
    "\n",
    "* converting data from a Dynare stucture to Numpy arrays.\n",
    "* analyzing the data. \n",
    "\n",
    "See the file for details. "
   ]
  },
  {
   "cell_type": "code",
   "execution_count": 2,
   "id": "a9e3b82b",
   "metadata": {},
   "outputs": [],
   "source": [
    "from MyPy import DyPy"
   ]
  },
  {
   "cell_type": "markdown",
   "id": "bca86bb9",
   "metadata": {},
   "source": [
    "Creates a file called `t_call.m`. This informs Dynare of the format we want for output. It is put here so that adjusments can be made easily; for example the number of periods can be changed here rather than by looking at the `.mod` file. It is included in the `.mod` file via: `@#include \"t_call.m\"` in `model_1.mod`\n",
    "\n",
    "* `order`: the order of approximation for the stochastic simulation. order=1 is a fsrst-order approximation (linearization) Higher-order approximations (e.g., order=2 for second-order) capture nonlinear effects in the model, but they require more computational resources.\n",
    "* `periods`: number of periods (time steps) for which the simulation will be run. periods=1000 means that the model will be simulated for 1000 periods. The default value is 0, which means no simulation will be performed.\n",
    "* `nograph`: suppresses the graphical output of the simulation results in Dynare since we draw them separatetly. \n",
    "* `irf`: the number of periods for which the impulse response functions (IRFs) will be computed and plotted. "
   ]
  },
  {
   "cell_type": "code",
   "execution_count": 3,
   "id": "f2fe4306",
   "metadata": {},
   "outputs": [],
   "source": [
    "with open('t_call.m', 'w') as file:\n",
    "    file.write(\"stoch_simul(nograph, order=1, periods=1000, irf=100);\")"
   ]
  },
  {
   "cell_type": "markdown",
   "id": "7e4aaad7",
   "metadata": {},
   "source": [
    " `make_model.ipyn` writes a file called `t_model.m`. `t_model.m`is the `model` block in the Dynare `.mod` file. It can instead be created directlty by commenting out the next `%run` line and coding the model. `make_model.ipyn` simplifies model creation when many of the lines are very similar to each other. Then they can be written in for loops. For the model we are currently working with, there is not much advantage to writing the file via `make_model` but I have done so nonetheless. \n",
    " \n",
    " The created file is included in the `.mod` file via `@#include \"t_model.m\"` in `model_1.mod`. "
   ]
  },
  {
   "cell_type": "code",
   "execution_count": 4,
   "id": "eff43076",
   "metadata": {},
   "outputs": [],
   "source": [
    "%run make_model_3.ipynb"
   ]
  },
  {
   "cell_type": "markdown",
   "id": "40f63e8b",
   "metadata": {},
   "source": [
    "`make_files.ipynb` writes the other Dynare blocks. See that file for details. However, note that in doing so, it solves for the steady state of the model using `root` from `scipy`. If the results below do not indicate success, the `.mod` file may not run correctly. Also, note that though we solve for the steady state here, we do not give Dynare the steady state but rather use these as starting values for their ss solver. I will later code a verification the steady states are the same. "
   ]
  },
  {
   "cell_type": "code",
   "execution_count": 5,
   "id": "b6037324",
   "metadata": {},
   "outputs": [
    {
     "name": "stdout",
     "output_type": "stream",
     "text": [
      "eps,tht,alf,bet,om_0,om_1,om_2,delt,psi_n,psi_k,var_a_0,var_a_1,var_a_2,rho_a_0,rho_a_1,rho_a_2\n"
     ]
    }
   ],
   "source": [
    "%run make_files_1.ipynb"
   ]
  },
  {
   "cell_type": "markdown",
   "id": "59d8332f",
   "metadata": {},
   "source": [
    "Tells octave where to find the .m file it will run. The file is `call_dynare`. Set to wherever you have this file. \n",
    "\n",
    "\n"
   ]
  },
  {
   "cell_type": "code",
   "execution_count": 6,
   "id": "302dd812",
   "metadata": {},
   "outputs": [],
   "source": [
    "#a=octave.addpath(os.path.expanduser('C:/Users/blankenw/GitHub/dynare_progs/np_1'))"
   ]
  },
  {
   "cell_type": "markdown",
   "id": "4df08aa0",
   "metadata": {},
   "source": [
    "Makes a call to Octave, which makes a call to Dynare. Then the `.mod` file is run in Dynare. Output from Dynare is displayed as it runs."
   ]
  },
  {
   "cell_type": "code",
   "execution_count": 7,
   "id": "5e4bdc3f",
   "metadata": {},
   "outputs": [
    {
     "name": "stdout",
     "output_type": "stream",
     "text": [
      " message: The solution converged.\n",
      " success: True\n",
      "  status: 1\n",
      "     fun: [ 0.000e+00  0.000e+00 ...  9.045e-13  4.551e-13]\n",
      "       x: [ 4.368e-01  2.816e-01 ...  8.740e-01  4.816e-01]\n",
      "    nfev: 41\n",
      "    fjac: [[-5.557e-02 -7.601e-11 ... -3.093e-03 -3.093e-03]\n",
      "           [-4.443e-02  4.706e-11 ...  5.530e-02  1.915e-03]\n",
      "           ...\n",
      "           [-4.088e-01 -3.249e-01 ... -2.788e-01 -2.788e-01]\n",
      "           [ 6.512e-02 -6.038e-02 ...  1.835e-03  1.835e-03]]\n",
      "       r: [-1.800e+01  1.709e+00 ...  6.141e-01  1.483e-01]\n",
      "     qtf: [-4.674e-11 -2.167e-12 ...  1.126e-14  1.562e-13]\n",
      "warning: function C:\\dynare\\6.1\\matlab\\+identification\\display.m shadows a built-in function\n",
      "warning: called from\n",
      "    call_dynare at line 4 column 4\n",
      "    _pyeval at line 57 column 30\n",
      "\n",
      "warning: function C:\\dynare\\6.1\\matlab\\+identification\\display.m shadows a built-in function\n",
      "warning: called from\n",
      "    call_dynare at line 4 column 4\n",
      "    _pyeval at line 57 column 30\n",
      "\n",
      "Starting Dynare (version 6.1).\n",
      "Calling Dynare with arguments: none\n",
      "Starting preprocessing of the model file ...\n",
      "Found 17 equation(s).\n",
      "Evaluating expressions...\n",
      "Computing static model derivatives (order 1).\n",
      "Normalizing the static model...\n",
      "Finding the optimal block decomposition of the static model...\n",
      "5 block(s) found:\n",
      "  4 recursive block(s) and 1 simultaneous block(s).\n",
      "  the largest simultaneous block has 11 equation(s)\n",
      "                                 and 11 feedback variable(s).\n",
      "Computing dynamic model derivatives (order 1).\n",
      "Normalizing the dynamic model...\n",
      "Finding the optimal block decomposition of the dynamic model...\n",
      "3 block(s) found:\n",
      "  2 recursive block(s) and 1 simultaneous block(s).\n",
      "  the largest simultaneous block has 11 equation(s)\n",
      "                                 and 11 feedback variable(s).\n",
      "Preprocessing completed.\n",
      "Preprocessing time: 0h00m00s.\n",
      "\n",
      "STEADY-STATE RESULTS:\n",
      "\n",
      "n_0 \t\t 0.436782\n",
      "n_1 \t\t 0.281609\n",
      "n_2 \t\t 0.281609\n",
      "s_0 \t\t 0.436782\n",
      "s_1 \t\t 0.281609\n",
      "s_2 \t\t 0.281609\n",
      "k   \t\t 9.63139\n",
      "k_0 \t\t 9.63139\n",
      "k_1 \t\t 9.63139\n",
      "k_2 \t\t 9.63139\n",
      "c_0 \t\t 0.87396\n",
      "c_1 \t\t 0.87396\n",
      "c_2 \t\t 0.87396\n",
      "i   \t\t 0.48157\n",
      "a_0 \t\t 0\n",
      "a_1 \t\t 0\n",
      "a_2 \t\t 0\n",
      "\n",
      "EIGENVALUES:\n",
      "         Modulus             Real        Imaginary\n",
      "               0                0                0\n",
      "               0                0                0\n",
      "               0                0                0\n",
      "             0.9              0.9                0\n",
      "             0.9              0.9                0\n",
      "             0.9              0.9                0\n",
      "          0.9105           0.9105                0\n",
      "            1.22             1.22                0\n",
      "       7.875e+16       -7.875e+16                0\n",
      "        1.88e+17        -1.88e+17                0\n",
      "       1.898e+17       -1.898e+17                0\n",
      "       2.694e+17       -2.694e+17                0\n",
      "       3.526e+17        3.526e+17                0\n",
      "       3.575e+17       -3.575e+17                0\n",
      "       1.557e+18        1.557e+18                0\n",
      "       2.336e+18        2.336e+18                0\n",
      "       1.114e+19       -1.114e+19                0\n",
      "        1.47e+19        -1.47e+19                0\n",
      "       1.075e+21        1.075e+21                0\n",
      "       1.284e+21        1.284e+21                0\n",
      "\n",
      "There are 13 eigenvalue(s) larger than 1 in modulus for 13 forward-looking variable(s)\n",
      "The rank condition is verified.\n",
      "\n",
      "\n",
      "MODEL SUMMARY\n",
      "\n",
      "  Number of variables:         17\n",
      "  Number of stochastic shocks: 3\n",
      "  Number of state variables:   7\n",
      "  Number of jumpers:           13\n",
      "  Number of static variables:  3\n",
      "\n",
      "\n",
      "MATRIX OF COVARIANCE OF EXOGENOUS SHOCKS\n",
      "Variables    a_0_shock  a_1_shock  a_2_shock\n",
      "a_0_shock     0.500000   0.000000   0.000000\n",
      "a_1_shock     0.000000   0.600000   0.000000\n",
      "a_2_shock     0.000000   0.000000   0.700000\n",
      "\n",
      "POLICY AND TRANSITION FUNCTIONS\n",
      "                                 n_0             n_1             n_2             s_0             s_1             s_2               k             k_0             k_1             k_2             c_0             c_1             c_2               i             a_0             a_1             a_2\n",
      "Constant                    0.436782        0.281609        0.281609        0.436782        0.281609        0.281609        9.631391        9.631391        9.631391        9.631391        0.873960        0.873960        0.873960        0.481570               0               0               0\n",
      "k(-1)                      -0.013866        0.006933        0.006933       -0.013866        0.006933        0.006933        0.910451        1.000000        1.000000        1.000000        0.066887        0.066887        0.066887       -0.039549               0               0               0\n",
      "a_0(-1)                     0.392027       -0.196013       -0.196013        0.244425       -0.122212       -0.122212        2.176995       -3.254746        2.524089        2.524089        0.030577       -0.493798       -0.493798        2.176995        0.900000               0               0\n",
      "a_1(-1)                    -0.045699        0.022850        0.022850        0.028102       -0.098534        0.070432       -0.172053        1.627373       -4.151462        1.627373        0.144747        0.669123        0.144747       -0.172053               0        0.900000               0\n",
      "a_2(-1)                    -0.045699        0.022850        0.022850        0.028102        0.070432       -0.098534       -0.172053        1.627373        1.627373       -4.151462        0.144747        0.144747        0.669123       -0.172053               0               0        0.900000\n",
      "a_0_shock                   0.435585       -0.217793       -0.217793        0.271583       -0.135791       -0.135791        2.418884       -3.616384        2.804543        2.804543        0.033975       -0.548665       -0.548665        2.418884        1.000000               0               0\n",
      "a_1_shock                  -0.050777        0.025388        0.025388        0.031224       -0.109482        0.078258       -0.191170        1.808192       -4.612735        1.808192        0.160830        0.743470        0.160830       -0.191170               0        1.000000               0\n",
      "a_2_shock                  -0.050777        0.025388        0.025388        0.031224        0.078258       -0.109482       -0.191170        1.808192        1.808192       -4.612735        0.160830        0.160830        0.743470       -0.191170               0               0        1.000000\n",
      "\n",
      "\n",
      "MOMENTS OF SIMULATED VARIABLES\n",
      "VARIABLE              MEAN       STD. DEV.        VARIANCE        SKEWNESS        KURTOSIS\n",
      "n_0               0.434657        0.583389        0.340343       -0.113709        0.073888\n",
      "n_1               0.282671        0.291694        0.085086        0.113709        0.073888\n",
      "n_2               0.282671        0.291694        0.085086        0.113709        0.073888\n",
      "s_0               0.437504        0.403910        0.163143       -0.192129       -0.143050\n",
      "s_1               0.275416        0.329593        0.108631       -0.186175        0.060487\n",
      "s_2               0.287080        0.357193        0.127587       -0.096539        0.354318\n",
      "k                 9.802915       31.979266     1022.673447       -0.211185       -0.411889\n",
      "k_0               9.875430       27.608538      762.231386       -0.286833       -0.144909\n",
      "k_1               9.564525       40.202688     1616.256113       -0.222053       -0.328549\n",
      "k_2               9.963450       34.840997     1213.895092       -0.125993       -0.566042\n",
      "c_0               0.893958        2.098081        4.401946       -0.314543       -0.001875\n",
      "c_1               0.922170        1.916352        3.672404       -0.203100       -0.164435\n",
      "c_2               0.885971        2.177851        4.743037       -0.235763        0.826763\n",
      "i                 0.480885        3.488308       12.168294       -0.209310        0.214319\n",
      "a_0               0.006442        1.673546        2.800758       -0.286465        0.296486\n",
      "a_1               0.054863        2.019089        4.076722        0.351473        0.176089\n",
      "a_2              -0.007266        2.058733        4.238381        0.101853        0.359799\n",
      "\n",
      "\n",
      "CORRELATION OF SIMULATED VARIABLES\n",
      "VARIABLE        n_0      n_1      n_2      s_0      s_1      s_2        k      k_0      k_1      k_2      c_0      c_1      c_2        i      a_0      a_1      a_2\n",
      "n_0          1.0000  -1.0000  -1.0000   0.7505  -0.2795  -0.5908   0.1953  -0.1112   0.2471   0.1684   0.0670  -0.5425  -0.3079   0.9437   0.8103  -0.3316  -0.0175\n",
      "n_1         -1.0000   1.0000   1.0000  -0.7505   0.2795   0.5908  -0.1953   0.1112  -0.2471  -0.1684  -0.0670   0.5425   0.3079  -0.9437  -0.8103   0.3316   0.0175\n",
      "n_2         -1.0000   1.0000   1.0000  -0.7505   0.2795   0.5908  -0.1953   0.1112  -0.2471  -0.1684  -0.0670   0.5425   0.3079  -0.9437  -0.8103   0.3316   0.0175\n",
      "s_0          0.7505  -0.7505  -0.7505   1.0000  -0.5415  -0.6311  -0.3601  -0.5417  -0.3190  -0.4142  -0.3731  -0.5094  -0.3814   0.5680   0.3932   0.1616   0.2799\n",
      "s_1         -0.2795   0.2795   0.2795  -0.5415   1.0000  -0.3104   0.4742   0.5467   0.6170   0.2796   0.4829   0.0687   0.6881  -0.0975   0.0515  -0.7065   0.4467\n",
      "s_2         -0.5908   0.5908   0.5908  -0.6311  -0.3104   1.0000  -0.0304   0.1081  -0.2086   0.2103  -0.0236   0.5126  -0.2037  -0.5523  -0.4922   0.4692  -0.7286\n",
      "k            0.1953  -0.1953  -0.1953  -0.3601   0.4742  -0.0304   1.0000   0.9453   0.9729   0.9585   0.9721   0.4480   0.6324   0.5022   0.7057  -0.4189   0.0216\n",
      "k_0         -0.1112   0.1112   0.1112  -0.5417   0.5467   0.1081   0.9453   1.0000   0.8969   0.8959   0.9813   0.6744   0.7951   0.2228   0.4824  -0.2517   0.1194\n",
      "k_1          0.2471  -0.2471  -0.2471  -0.3190   0.6170  -0.2086   0.9729   0.8969   1.0000   0.8811   0.9300   0.2871   0.6486   0.5360   0.7190  -0.5951   0.1353\n",
      "k_2          0.1684  -0.1684  -0.1684  -0.4142   0.2796   0.2103   0.9585   0.8959   0.8811   1.0000   0.9087   0.4887   0.4543   0.4564   0.6404  -0.2936  -0.2439\n",
      "c_0          0.0670  -0.0670  -0.0670  -0.3731   0.4829  -0.0236   0.9721   0.9813   0.9300   0.9087   1.0000   0.6073   0.7732   0.3932   0.6355  -0.2675   0.1713\n",
      "c_1         -0.5425   0.5425   0.5425  -0.5094   0.0687   0.5126   0.4480   0.6744   0.2871   0.4887   0.6073   1.0000   0.6513  -0.2986  -0.0422   0.5110   0.0861\n",
      "c_2         -0.3079   0.3079   0.3079  -0.3814   0.6881  -0.2037   0.6324   0.7951   0.6486   0.4543   0.7732   0.6513   1.0000  -0.0275   0.2376  -0.1210   0.6564\n",
      "i            0.9437  -0.9437  -0.9437   0.5680  -0.0975  -0.5523   0.5022   0.2228   0.5360   0.4564   0.3932  -0.2986  -0.0275   1.0000   0.9573  -0.3942   0.0406\n",
      "a_0          0.8103  -0.8103  -0.8103   0.3932   0.0515  -0.4922   0.7057   0.4824   0.7190   0.6404   0.6355  -0.0422   0.2376   0.9573   1.0000  -0.3733   0.1326\n",
      "a_1         -0.3316   0.3316   0.3316   0.1616  -0.7065   0.4692  -0.4189  -0.2517  -0.5951  -0.2936  -0.2675   0.5110  -0.1210  -0.3942  -0.3733   1.0000  -0.0553\n",
      "a_2         -0.0175   0.0175   0.0175   0.2799   0.4467  -0.7286   0.0216   0.1194   0.1353  -0.2439   0.1713   0.0861   0.6564   0.0406   0.1326  -0.0553   1.0000\n",
      "\n",
      "\n",
      "AUTOCORRELATION OF SIMULATED VARIABLES\n",
      "VARIABLE         1       2       3       4       5\n",
      "n_0         0.8471  0.7007  0.5693  0.4558  0.3617\n",
      "n_1         0.8471  0.7007  0.5693  0.4558  0.3617\n",
      "n_2         0.8471  0.7007  0.5693  0.4558  0.3617\n",
      "s_0         0.8698  0.7462  0.6345  0.5347  0.4585\n",
      "s_1         0.9015  0.8165  0.7471  0.6911  0.6451\n",
      "s_2         0.9029  0.8064  0.7124  0.6219  0.5439\n",
      "k           0.9940  0.9807  0.9607  0.9351  0.9051\n",
      "k_0         0.9834  0.9602  0.9312  0.8985  0.8619\n",
      "k_1         0.9895  0.9729  0.9507  0.9241  0.8938\n",
      "k_2         0.9871  0.9685  0.9442  0.9155  0.8831\n",
      "c_0         0.9893  0.9715  0.9469  0.9173  0.8832\n",
      "c_1         0.9130  0.8224  0.7359  0.6579  0.5796\n",
      "c_2         0.9298  0.8648  0.8027  0.7492  0.6936\n",
      "i           0.8746  0.7533  0.6428  0.5451  0.4640\n",
      "a_0         0.9104  0.8216  0.7379  0.6607  0.5957\n",
      "a_1         0.9160  0.8353  0.7647  0.7047  0.6478\n",
      "a_2         0.9072  0.8269  0.7509  0.6851  0.6234\n",
      "\n",
      "\n",
      "\n",
      "VARIANCE DECOMPOSITION SIMULATING ONE SHOCK AT A TIME (in percent)\n",
      "              a_0_shock         a_1_shock         a_2_shock  Tot. lin. contr.\n",
      "n_0               92.78              1.78              2.02             96.57\n",
      "n_1               92.78              1.78              2.02             96.57\n",
      "n_2               92.78              1.78              2.02             96.57\n",
      "s_0               85.93              6.07              5.86             97.87\n",
      "s_1               32.26             51.88             20.17            104.31\n",
      "s_2               27.47             16.08             45.19             88.74\n",
      "k                 92.14              1.00              0.92             94.06\n",
      "k_0               97.20              0.92              1.07             99.19\n",
      "k_1               71.07              8.62              0.51             80.20\n",
      "k_2               94.63              0.58             11.39            106.60\n",
      "c_0               99.22              1.20              1.41            101.83\n",
      "c_1               72.01             50.28              1.69            123.99\n",
      "c_2               55.76              1.11             41.58             98.45\n",
      "i                 95.21              0.79              0.88             96.87\n",
      "a_0              100.11              0.00              0.00            100.11\n",
      "a_1                0.00            100.11              0.00            100.11\n",
      "a_2                0.00              0.00            100.11            100.11\n",
      "Note: numbers do not add up to 100 due to non-zero correlation of simulated shocks in small samples\n",
      "\n",
      "Total computing time : 0h00m01s\n",
      "x = 1\n",
      "warning: load: classdef element has been converted to a struct\n",
      "warning: called from\n",
      "    _pyeval at line 28 column 9\n",
      "\n",
      "warning: load: classdef element has been converted to a struct\n",
      "warning: called from\n",
      "    _pyeval at line 28 column 9\n",
      "\n",
      " message: The solution converged.\n",
      " success: True\n",
      "  status: 1\n",
      "     fun: [ 0.000e+00  0.000e+00 ...  9.045e-13  4.551e-13]\n",
      "       x: [ 4.368e-01  2.816e-01 ...  8.740e-01  4.816e-01]\n",
      "    nfev: 41\n",
      "    fjac: [[-5.557e-02 -7.601e-11 ... -3.093e-03 -3.093e-03]\n",
      "           [-4.443e-02  4.706e-11 ...  5.530e-02  1.915e-03]\n",
      "           ...\n",
      "           [-4.088e-01 -3.249e-01 ... -2.788e-01 -2.788e-01]\n",
      "           [ 6.512e-02 -6.038e-02 ...  1.835e-03  1.835e-03]]\n",
      "       r: [-1.800e+01  1.709e+00 ...  6.141e-01  1.483e-01]\n",
      "     qtf: [-4.674e-11 -2.167e-12 ...  1.126e-14  1.562e-13]\n",
      "Starting Dynare (version 6.1).\n",
      "Calling Dynare with arguments: none\n",
      "Starting preprocessing of the model file ...\n",
      "Found 17 equation(s).\n",
      "Evaluating expressions...\n",
      "Computing static model derivatives (order 1).\n",
      "Normalizing the static model...\n",
      "Finding the optimal block decomposition of the static model...\n",
      "5 block(s) found:\n",
      "  4 recursive block(s) and 1 simultaneous block(s).\n",
      "  the largest simultaneous block has 11 equation(s)\n",
      "                                 and 11 feedback variable(s).\n",
      "Computing dynamic model derivatives (order 1).\n",
      "Normalizing the dynamic model...\n",
      "Finding the optimal block decomposition of the dynamic model...\n",
      "3 block(s) found:\n",
      "  2 recursive block(s) and 1 simultaneous block(s).\n",
      "  the largest simultaneous block has 11 equation(s)\n",
      "                                 and 11 feedback variable(s).\n",
      "Preprocessing completed.\n",
      "Preprocessing time: 0h00m00s.\n",
      "\n",
      "STEADY-STATE RESULTS:\n",
      "\n",
      "n_0 \t\t 0.436782\n",
      "n_1 \t\t 0.281609\n",
      "n_2 \t\t 0.281609\n",
      "s_0 \t\t 0.436782\n",
      "s_1 \t\t 0.281609\n",
      "s_2 \t\t 0.281609\n",
      "k   \t\t 9.63139\n",
      "k_0 \t\t 9.63139\n",
      "k_1 \t\t 9.63139\n",
      "k_2 \t\t 9.63139\n",
      "c_0 \t\t 0.87396\n",
      "c_1 \t\t 0.87396\n",
      "c_2 \t\t 0.87396\n",
      "i   \t\t 0.48157\n",
      "a_0 \t\t 0\n",
      "a_1 \t\t 0\n",
      "a_2 \t\t 0\n",
      "\n",
      "EIGENVALUES:\n",
      "         Modulus             Real        Imaginary\n",
      "               0                0                0\n",
      "               0                0                0\n",
      "               0                0                0\n",
      "             0.9              0.9                0\n",
      "             0.9              0.9                0\n",
      "             0.9              0.9                0\n",
      "          0.9105           0.9105                0\n",
      "            1.22             1.22                0\n",
      "       7.875e+16       -7.875e+16                0\n",
      "        1.88e+17        -1.88e+17                0\n",
      "       1.898e+17       -1.898e+17                0\n",
      "       2.694e+17       -2.694e+17                0\n",
      "       3.526e+17        3.526e+17                0\n",
      "       3.575e+17       -3.575e+17                0\n",
      "       1.557e+18        1.557e+18                0\n",
      "       2.336e+18        2.336e+18                0\n",
      "       1.114e+19       -1.114e+19                0\n",
      "        1.47e+19        -1.47e+19                0\n",
      "       1.075e+21        1.075e+21                0\n",
      "       1.284e+21        1.284e+21                0\n",
      "\n",
      "There are 13 eigenvalue(s) larger than 1 in modulus for 13 forward-looking variable(s)\n",
      "The rank condition is verified.\n",
      "\n",
      "\n",
      "MODEL SUMMARY\n",
      "\n",
      "  Number of variables:         17\n",
      "  Number of stochastic shocks: 3\n",
      "  Number of state variables:   7\n",
      "  Number of jumpers:           13\n",
      "  Number of static variables:  3\n",
      "\n",
      "\n",
      "MATRIX OF COVARIANCE OF EXOGENOUS SHOCKS\n",
      "Variables    a_0_shock  a_1_shock  a_2_shock\n",
      "a_0_shock     0.500000   0.000000   0.000000\n",
      "a_1_shock     0.000000   0.600000   0.000000\n",
      "a_2_shock     0.000000   0.000000   0.700000\n",
      "\n",
      "POLICY AND TRANSITION FUNCTIONS\n",
      "                                 n_0             n_1             n_2             s_0             s_1             s_2               k             k_0             k_1             k_2             c_0             c_1             c_2               i             a_0             a_1             a_2\n",
      "Constant                    0.436782        0.281609        0.281609        0.436782        0.281609        0.281609        9.631391        9.631391        9.631391        9.631391        0.873960        0.873960        0.873960        0.481570               0               0               0\n",
      "k(-1)                      -0.013866        0.006933        0.006933       -0.013866        0.006933        0.006933        0.910451        1.000000        1.000000        1.000000        0.066887        0.066887        0.066887       -0.039549               0               0               0\n",
      "a_0(-1)                     0.392027       -0.196013       -0.196013        0.244425       -0.122212       -0.122212        2.176995       -3.254746        2.524089        2.524089        0.030577       -0.493798       -0.493798        2.176995        0.900000               0               0\n",
      "a_1(-1)                    -0.045699        0.022850        0.022850        0.028102       -0.098534        0.070432       -0.172053        1.627373       -4.151462        1.627373        0.144747        0.669123        0.144747       -0.172053               0        0.900000               0\n",
      "a_2(-1)                    -0.045699        0.022850        0.022850        0.028102        0.070432       -0.098534       -0.172053        1.627373        1.627373       -4.151462        0.144747        0.144747        0.669123       -0.172053               0               0        0.900000\n",
      "a_0_shock                   0.435585       -0.217793       -0.217793        0.271583       -0.135791       -0.135791        2.418884       -3.616384        2.804543        2.804543        0.033975       -0.548665       -0.548665        2.418884        1.000000               0               0\n",
      "a_1_shock                  -0.050777        0.025388        0.025388        0.031224       -0.109482        0.078258       -0.191170        1.808192       -4.612735        1.808192        0.160830        0.743470        0.160830       -0.191170               0        1.000000               0\n",
      "a_2_shock                  -0.050777        0.025388        0.025388        0.031224        0.078258       -0.109482       -0.191170        1.808192        1.808192       -4.612735        0.160830        0.160830        0.743470       -0.191170               0               0        1.000000\n",
      "\n",
      "\n",
      "MOMENTS OF SIMULATED VARIABLES\n",
      "VARIABLE              MEAN       STD. DEV.        VARIANCE        SKEWNESS        KURTOSIS\n",
      "n_0               0.434657        0.583389        0.340343       -0.113709        0.073888\n",
      "n_1               0.282671        0.291694        0.085086        0.113709        0.073888\n",
      "n_2               0.282671        0.291694        0.085086        0.113709        0.073888\n",
      "s_0               0.437504        0.403910        0.163143       -0.192129       -0.143050\n",
      "s_1               0.275416        0.329593        0.108631       -0.186175        0.060487\n",
      "s_2               0.287080        0.357193        0.127587       -0.096539        0.354318\n",
      "k                 9.802915       31.979266     1022.673447       -0.211185       -0.411889\n",
      "k_0               9.875430       27.608538      762.231386       -0.286833       -0.144909\n",
      "k_1               9.564525       40.202688     1616.256113       -0.222053       -0.328549\n",
      "k_2               9.963450       34.840997     1213.895092       -0.125993       -0.566042\n",
      "c_0               0.893958        2.098081        4.401946       -0.314543       -0.001875\n",
      "c_1               0.922170        1.916352        3.672404       -0.203100       -0.164435\n",
      "c_2               0.885971        2.177851        4.743037       -0.235763        0.826763\n",
      "i                 0.480885        3.488308       12.168294       -0.209310        0.214319\n",
      "a_0               0.006442        1.673546        2.800758       -0.286465        0.296486\n",
      "a_1               0.054863        2.019089        4.076722        0.351473        0.176089\n",
      "a_2              -0.007266        2.058733        4.238381        0.101853        0.359799\n",
      "\n",
      "\n",
      "CORRELATION OF SIMULATED VARIABLES\n",
      "VARIABLE        n_0      n_1      n_2      s_0      s_1      s_2        k      k_0      k_1      k_2      c_0      c_1      c_2        i      a_0      a_1      a_2\n",
      "n_0          1.0000  -1.0000  -1.0000   0.7505  -0.2795  -0.5908   0.1953  -0.1112   0.2471   0.1684   0.0670  -0.5425  -0.3079   0.9437   0.8103  -0.3316  -0.0175\n",
      "n_1         -1.0000   1.0000   1.0000  -0.7505   0.2795   0.5908  -0.1953   0.1112  -0.2471  -0.1684  -0.0670   0.5425   0.3079  -0.9437  -0.8103   0.3316   0.0175\n",
      "n_2         -1.0000   1.0000   1.0000  -0.7505   0.2795   0.5908  -0.1953   0.1112  -0.2471  -0.1684  -0.0670   0.5425   0.3079  -0.9437  -0.8103   0.3316   0.0175\n",
      "s_0          0.7505  -0.7505  -0.7505   1.0000  -0.5415  -0.6311  -0.3601  -0.5417  -0.3190  -0.4142  -0.3731  -0.5094  -0.3814   0.5680   0.3932   0.1616   0.2799\n",
      "s_1         -0.2795   0.2795   0.2795  -0.5415   1.0000  -0.3104   0.4742   0.5467   0.6170   0.2796   0.4829   0.0687   0.6881  -0.0975   0.0515  -0.7065   0.4467\n",
      "s_2         -0.5908   0.5908   0.5908  -0.6311  -0.3104   1.0000  -0.0304   0.1081  -0.2086   0.2103  -0.0236   0.5126  -0.2037  -0.5523  -0.4922   0.4692  -0.7286\n",
      "k            0.1953  -0.1953  -0.1953  -0.3601   0.4742  -0.0304   1.0000   0.9453   0.9729   0.9585   0.9721   0.4480   0.6324   0.5022   0.7057  -0.4189   0.0216\n",
      "k_0         -0.1112   0.1112   0.1112  -0.5417   0.5467   0.1081   0.9453   1.0000   0.8969   0.8959   0.9813   0.6744   0.7951   0.2228   0.4824  -0.2517   0.1194\n",
      "k_1          0.2471  -0.2471  -0.2471  -0.3190   0.6170  -0.2086   0.9729   0.8969   1.0000   0.8811   0.9300   0.2871   0.6486   0.5360   0.7190  -0.5951   0.1353\n",
      "k_2          0.1684  -0.1684  -0.1684  -0.4142   0.2796   0.2103   0.9585   0.8959   0.8811   1.0000   0.9087   0.4887   0.4543   0.4564   0.6404  -0.2936  -0.2439\n",
      "c_0          0.0670  -0.0670  -0.0670  -0.3731   0.4829  -0.0236   0.9721   0.9813   0.9300   0.9087   1.0000   0.6073   0.7732   0.3932   0.6355  -0.2675   0.1713\n",
      "c_1         -0.5425   0.5425   0.5425  -0.5094   0.0687   0.5126   0.4480   0.6744   0.2871   0.4887   0.6073   1.0000   0.6513  -0.2986  -0.0422   0.5110   0.0861\n",
      "c_2         -0.3079   0.3079   0.3079  -0.3814   0.6881  -0.2037   0.6324   0.7951   0.6486   0.4543   0.7732   0.6513   1.0000  -0.0275   0.2376  -0.1210   0.6564\n",
      "i            0.9437  -0.9437  -0.9437   0.5680  -0.0975  -0.5523   0.5022   0.2228   0.5360   0.4564   0.3932  -0.2986  -0.0275   1.0000   0.9573  -0.3942   0.0406\n",
      "a_0          0.8103  -0.8103  -0.8103   0.3932   0.0515  -0.4922   0.7057   0.4824   0.7190   0.6404   0.6355  -0.0422   0.2376   0.9573   1.0000  -0.3733   0.1326\n",
      "a_1         -0.3316   0.3316   0.3316   0.1616  -0.7065   0.4692  -0.4189  -0.2517  -0.5951  -0.2936  -0.2675   0.5110  -0.1210  -0.3942  -0.3733   1.0000  -0.0553\n",
      "a_2         -0.0175   0.0175   0.0175   0.2799   0.4467  -0.7286   0.0216   0.1194   0.1353  -0.2439   0.1713   0.0861   0.6564   0.0406   0.1326  -0.0553   1.0000\n",
      "\n",
      "\n",
      "AUTOCORRELATION OF SIMULATED VARIABLES\n",
      "VARIABLE         1       2       3       4       5\n",
      "n_0         0.8471  0.7007  0.5693  0.4558  0.3617\n",
      "n_1         0.8471  0.7007  0.5693  0.4558  0.3617\n",
      "n_2         0.8471  0.7007  0.5693  0.4558  0.3617\n",
      "s_0         0.8698  0.7462  0.6345  0.5347  0.4585\n",
      "s_1         0.9015  0.8165  0.7471  0.6911  0.6451\n",
      "s_2         0.9029  0.8064  0.7124  0.6219  0.5439\n",
      "k           0.9940  0.9807  0.9607  0.9351  0.9051\n",
      "k_0         0.9834  0.9602  0.9312  0.8985  0.8619\n",
      "k_1         0.9895  0.9729  0.9507  0.9241  0.8938\n",
      "k_2         0.9871  0.9685  0.9442  0.9155  0.8831\n",
      "c_0         0.9893  0.9715  0.9469  0.9173  0.8832\n",
      "c_1         0.9130  0.8224  0.7359  0.6579  0.5796\n",
      "c_2         0.9298  0.8648  0.8027  0.7492  0.6936\n",
      "i           0.8746  0.7533  0.6428  0.5451  0.4640\n",
      "a_0         0.9104  0.8216  0.7379  0.6607  0.5957\n",
      "a_1         0.9160  0.8353  0.7647  0.7047  0.6478\n",
      "a_2         0.9072  0.8269  0.7509  0.6851  0.6234\n",
      "\n",
      "\n",
      "\n",
      "VARIANCE DECOMPOSITION SIMULATING ONE SHOCK AT A TIME (in percent)\n",
      "              a_0_shock         a_1_shock         a_2_shock  Tot. lin. contr.\n",
      "n_0               92.78              1.78              2.02             96.57\n",
      "n_1               92.78              1.78              2.02             96.57\n",
      "n_2               92.78              1.78              2.02             96.57\n",
      "s_0               85.93              6.07              5.86             97.87\n",
      "s_1               32.26             51.88             20.17            104.31\n",
      "s_2               27.47             16.08             45.19             88.74\n",
      "k                 92.14              1.00              0.92             94.06\n",
      "k_0               97.20              0.92              1.07             99.19\n",
      "k_1               71.07              8.62              0.51             80.20\n",
      "k_2               94.63              0.58             11.39            106.60\n",
      "c_0               99.22              1.20              1.41            101.83\n",
      "c_1               72.01             50.28              1.69            123.99\n",
      "c_2               55.76              1.11             41.58             98.45\n",
      "i                 95.21              0.79              0.88             96.87\n",
      "a_0              100.11              0.00              0.00            100.11\n",
      "a_1                0.00            100.11              0.00            100.11\n",
      "a_2                0.00              0.00            100.11            100.11\n",
      "Note: numbers do not add up to 100 due to non-zero correlation of simulated shocks in small samples\n",
      "\n",
      "Total computing time : 0h00m00s\n",
      "x = 1\n",
      "warning: load: classdef element has been converted to a struct\n",
      "warning: called from\n",
      "    _pyeval at line 28 column 9\n",
      "\n",
      "warning: load: classdef element has been converted to a struct\n",
      "warning: called from\n",
      "    _pyeval at line 28 column 9\n",
      "\n",
      " message: The solution converged.\n",
      " success: True\n",
      "  status: 1\n",
      "     fun: [ 0.000e+00  0.000e+00 ...  9.045e-13  4.551e-13]\n",
      "       x: [ 4.368e-01  2.816e-01 ...  8.740e-01  4.816e-01]\n",
      "    nfev: 41\n",
      "    fjac: [[-5.557e-02 -7.601e-11 ... -3.093e-03 -3.093e-03]\n",
      "           [-4.443e-02  4.706e-11 ...  5.530e-02  1.915e-03]\n",
      "           ...\n",
      "           [-4.088e-01 -3.249e-01 ... -2.788e-01 -2.788e-01]\n",
      "           [ 6.512e-02 -6.038e-02 ...  1.835e-03  1.835e-03]]\n",
      "       r: [-1.800e+01  1.709e+00 ...  6.141e-01  1.483e-01]\n",
      "     qtf: [-4.674e-11 -2.167e-12 ...  1.126e-14  1.562e-13]\n",
      "Starting Dynare (version 6.1).\n",
      "Calling Dynare with arguments: none\n",
      "Starting preprocessing of the model file ...\n",
      "Found 17 equation(s).\n",
      "Evaluating expressions...\n",
      "Computing static model derivatives (order 1).\n",
      "Normalizing the static model...\n",
      "Finding the optimal block decomposition of the static model...\n",
      "5 block(s) found:\n",
      "  4 recursive block(s) and 1 simultaneous block(s).\n",
      "  the largest simultaneous block has 11 equation(s)\n",
      "                                 and 11 feedback variable(s).\n",
      "Computing dynamic model derivatives (order 1).\n",
      "Normalizing the dynamic model...\n",
      "Finding the optimal block decomposition of the dynamic model...\n",
      "3 block(s) found:\n",
      "  2 recursive block(s) and 1 simultaneous block(s).\n",
      "  the largest simultaneous block has 11 equation(s)\n",
      "                                 and 11 feedback variable(s).\n",
      "Preprocessing completed.\n",
      "Preprocessing time: 0h00m00s.\n",
      "\n",
      "STEADY-STATE RESULTS:\n",
      "\n",
      "n_0 \t\t 0.436782\n",
      "n_1 \t\t 0.281609\n",
      "n_2 \t\t 0.281609\n",
      "s_0 \t\t 0.436782\n",
      "s_1 \t\t 0.281609\n",
      "s_2 \t\t 0.281609\n",
      "k   \t\t 9.63139\n",
      "k_0 \t\t 9.63139\n",
      "k_1 \t\t 9.63139\n",
      "k_2 \t\t 9.63139\n",
      "c_0 \t\t 0.87396\n",
      "c_1 \t\t 0.87396\n",
      "c_2 \t\t 0.87396\n",
      "i   \t\t 0.48157\n",
      "a_0 \t\t 0\n",
      "a_1 \t\t 0\n",
      "a_2 \t\t 0\n",
      "\n",
      "EIGENVALUES:\n",
      "         Modulus             Real        Imaginary\n",
      "               0                0                0\n",
      "               0                0                0\n",
      "               0                0                0\n",
      "             0.9              0.9                0\n",
      "             0.9              0.9                0\n",
      "             0.9              0.9                0\n",
      "          0.9105           0.9105                0\n",
      "            1.22             1.22                0\n",
