Starting Dynare (version 6.1).
Calling Dynare with arguments: none
Preprocessing time: 0h00m00s.

STEADY-STATE RESULTS:

n_0 		 0.436782
n_1 		 0.281609
n_2 		 0.281609
s_0 		 0.436782
s_1 		 0.281609
s_2 		 0.281609
k   		 9.63139
k_0 		 9.63139
k_1 		 9.63139
k_2 		 9.63139
c_0 		 0.87396
c_1 		 0.87396
c_2 		 0.87396
i   		 0.48157
a_0 		 0
a_1 		 0
a_2 		 0

EIGENVALUES:
         Modulus             Real        Imaginary
               0                0                0
               0                0                0
               0                0                0
             0.9              0.9                0
             0.9              0.9                0
             0.9              0.9                0
          0.9314           0.9314                0
           1.193            1.193                0
       5.803e+16        5.803e+16                0
       1.601e+17       -1.601e+17                0
        1.68e+17         1.68e+17                0
       2.558e+17        2.558e+17                0
        4.58e+17         4.58e+17                0
       7.861e+17        7.861e+17                0
       1.696e+18       -1.696e+18                0
       2.139e+19       -2.139e+19                0
       2.432e+19       -2.432e+19                0
       1.262e+34       -1.262e+34                0
       4.927e+34        4.927e+34                0
       1.136e+35        1.136e+35                0

There are 13 eigenvalue(s) larger than 1 in modulus for 13 forward-looking variable(s)
The rank condition is verified.


MODEL SUMMARY

  Number of variables:         17
  Number of stochastic shocks: 3
  Number of state variables:   7
  Number of jumpers:           13
  Number of static variables:  3


MATRIX OF COVARIANCE OF EXOGENOUS SHOCKS
Variables    a_0_shock  a_1_shock  a_2_shock
a_0_shock     0.500000   0.000000   0.000000
a_1_shock     0.000000   0.600000   0.000000
a_2_shock     0.000000   0.000000   0.700000

POLICY AND TRANSITION FUNCTIONS
                                 n_0             n_1             n_2             s_0             s_1             s_2               k             k_0             k_1             k_2             c_0             c_1             c_2               i             a_0             a_1             a_2
Constant                    0.436782        0.281609        0.281609        0.436782        0.281609        0.281609        9.631391        9.631391        9.631391        9.631391        0.873960        0.873960        0.873960        0.481570               0               0               0
k(-1)                      -0.009373        0.004687        0.004687       -0.009373        0.004687        0.004687        0.931366        1.000000        1.000000        1.000000        0.059915        0.059915        0.059915       -0.018634               0               0               0
a_0(-1)                     0.492880       -0.246440       -0.246440        0.345278       -0.172639       -0.172639        1.597732       -3.254746        2.524089        2.524089        0.922833       -0.650294       -0.650294        1.597732        0.900000               0               0
a_1(-1)                    -0.148508        0.243220       -0.094711       -0.074707        0.121836       -0.047129       -0.126272        1.627373       -4.151462        1.627373       -0.220097        1.353030       -0.220097       -0.126272               0        0.900000               0
a_2(-1)                    -0.148508       -0.094711        0.243220       -0.074707       -0.047129        0.121836       -0.126272        1.627373        1.627373       -4.151462       -0.220097       -0.220097        1.353030       -0.126272               0               0        0.900000
a_0_shock                   0.547644       -0.273822       -0.273822        0.383642       -0.191821       -0.191821        1.775258       -3.616384        2.804543        2.804543        1.025370       -0.722549       -0.722549        1.775258        1.000000               0               0
a_1_shock                  -0.165009        0.270244       -0.105235       -0.083008        0.135374       -0.052366       -0.140303        1.808192       -4.612735        1.808192       -0.244552        1.503367       -0.244552       -0.140303               0        1.000000               0
a_2_shock                  -0.165009       -0.105235        0.270244       -0.083008       -0.052366        0.135374       -0.140303        1.808192        1.808192       -4.612735       -0.244552       -0.244552        1.503367       -0.140303               0               0        1.000000


MOMENTS OF SIMULATED VARIABLES
VARIABLE              MEAN       STD. DEV.        VARIANCE        SKEWNESS        KURTOSIS
n_0               0.430500        0.958326        0.918389       -0.122176       -0.125001
n_1               0.296414        0.818168        0.669398        0.047693        0.063917
n_2               0.273086        0.639048        0.408382        0.311849        0.561727
s_0               0.433347        0.595966        0.355176       -0.117674       -0.023153
s_1               0.289159        0.454050        0.206161        0.000840        0.141127
s_2               0.277495        0.355068        0.126073        0.304070        0.479665
k                 9.830437       28.347341      803.571769       -0.195811       -0.531717
k_0               9.902762       24.443220      597.471023       -0.262045       -0.312033
k_1               9.591857       36.516883     1333.482742       -0.229057       -0.446576
k_2               9.990782       31.211183      974.137974       -0.097378       -0.588067
c_0               0.881424        3.277437       10.741593       -0.153349       -0.544504
c_1               0.966059        3.225313       10.402644        0.014589        0.103903
c_2               0.857463        3.364056       11.316873        0.078033        0.502983
i                 0.482441        2.777495        7.714477       -0.221999        0.169979
a_0               0.006442        1.673546        2.800758       -0.286465        0.296486
a_1               0.054863        2.019089        4.076722        0.351473        0.176089
a_2              -0.007266        2.058733        4.238381        0.101853        0.359799


CORRELATION OF SIMULATED VARIABLES
VARIABLE        n_0      n_1      n_2      s_0      s_1      s_2        k      k_0      k_1      k_2      c_0      c_1      c_2        i      a_0      a_1      a_2
n_0          1.0000  -0.7521  -0.5367   0.9838  -0.7956  -0.6339   0.4845   0.1434   0.5586   0.5043   0.7927  -0.6203  -0.2178   0.9406   0.8772  -0.5760  -0.2125
n_1         -0.7521   1.0000  -0.1524  -0.7404   0.9900  -0.0233  -0.4846  -0.2479  -0.6800  -0.2940  -0.6830   0.8903  -0.4134  -0.7650  -0.7493   0.8268  -0.3736
n_2         -0.5367  -0.1524   1.0000  -0.5274  -0.0744   0.9804  -0.1061   0.1024   0.0329  -0.3799  -0.3144  -0.2096   0.8559  -0.4311  -0.3561  -0.1948   0.7970
s_0          0.9838  -0.7404  -0.5274   1.0000  -0.8043  -0.6500   0.3690   0.0234   0.4505   0.3798   0.7079  -0.6208  -0.2232   0.9545   0.8839  -0.4921  -0.1350
s_1         -0.7956   0.9900  -0.0744  -0.8043   1.0000   0.0712  -0.4231  -0.1631  -0.6135  -0.2480  -0.6616   0.8822  -0.3409  -0.8194  -0.7923   0.7639  -0.3602
s_2         -0.6339  -0.0233   0.9804  -0.6500   0.0712   1.0000  -0.0783   0.1693   0.0285  -0.3203  -0.3421  -0.0862   0.8106  -0.5543  -0.4703  -0.1509   0.6871
k            0.4845  -0.4846  -0.1061   0.3690  -0.4231  -0.0783   1.0000   0.9348   0.9647   0.9486   0.9170  -0.1130   0.3464   0.5476   0.6512  -0.4151   0.0181
k_0          0.1434  -0.2479   0.1024   0.0234  -0.1631   0.1693   0.9348   1.0000   0.8646   0.8645   0.7169   0.1269   0.4930   0.2489   0.3943  -0.2230   0.1284
k_1          0.5586  -0.6800   0.0329   0.4505  -0.6135   0.0285   0.9647   0.8646   1.0000   0.8536   0.9259  -0.3577   0.4561   0.6052   0.6907  -0.6141   0.1446
k_2          0.5043  -0.2940  -0.3799   0.3798  -0.2480  -0.3203   0.9486   0.8645   0.8536   1.0000   0.8872   0.0540   0.0486   0.5161   0.5969  -0.2797  -0.2773
c_0          0.7927  -0.6830  -0.3144   0.7079  -0.6616  -0.3421   0.9170   0.7169   0.9259   0.8872   1.0000  -0.3584   0.1516   0.8170   0.8622  -0.5416  -0.0682
c_1         -0.6203   0.8903  -0.2096  -0.6208   0.8822  -0.0862  -0.1130   0.1269  -0.3577   0.0540  -0.3584   1.0000  -0.2346  -0.5216  -0.4394   0.8825  -0.2501
c_2         -0.2178  -0.4134   0.8559  -0.2232  -0.3409   0.8106   0.3464   0.4930   0.4561   0.0486   0.1516  -0.2346   1.0000  -0.0152   0.1123  -0.2622   0.8880
i            0.9406  -0.7650  -0.4311   0.9545  -0.8194  -0.5543   0.5476   0.2489   0.6052   0.5161   0.8170  -0.5216  -0.0152   1.0000   0.9829  -0.4207   0.0407
a_0          0.8772  -0.7493  -0.3561   0.8839  -0.7923  -0.4703   0.6512   0.3943   0.6907   0.5969   0.8622  -0.4394   0.1123   0.9829   1.0000  -0.3733   0.1326
a_1         -0.5760   0.8268  -0.1948  -0.4921   0.7639  -0.1509  -0.4151  -0.2230  -0.6141  -0.2797  -0.5416   0.8825  -0.2622  -0.4207  -0.3733   1.0000  -0.0553
a_2         -0.2125  -0.3736   0.7970  -0.1350  -0.3602   0.6871   0.0181   0.1284   0.1446  -0.2773  -0.0682  -0.2501   0.8880   0.0407   0.1326  -0.0553   1.0000


AUTOCORRELATION OF SIMULATED VARIABLES
VARIABLE         1       2       3       4       5
n_0         0.8941  0.7907  0.6953  0.6129  0.5364
n_1         0.9242  0.8449  0.7682  0.6951  0.6269
n_2         0.8833  0.7847  0.7013  0.6354  0.5757
s_0         0.8784  0.7598  0.6511  0.5563  0.4719
s_1         0.9141  0.8243  0.7372  0.6544  0.5786
s_2         0.8705  0.7594  0.6661  0.5928  0.5284
k           0.9952  0.9851  0.9696  0.9496  0.9260
k_0         0.9828  0.9608  0.9346  0.9059  0.8740
k_1         0.9891  0.9738  0.9545  0.9320  0.9067
k_2         0.9860  0.9686  0.9472  0.9227  0.8954
c_0         0.9710  0.9387  0.9045  0.8700  0.8347
c_1         0.9064  0.8109  0.7224  0.6420  0.5648
c_2         0.9102  0.8336  0.7645  0.7075  0.6521
i           0.8946  0.7909  0.6946  0.6079  0.5339
a_0         0.9104  0.8216  0.7379  0.6607  0.5957
a_1         0.9160  0.8353  0.7647  0.7047  0.6478
a_2         0.9072  0.8269  0.7509  0.6851  0.6234



VARIANCE DECOMPOSITION SIMULATING ONE SHOCK AT A TIME (in percent)
              a_0_shock         a_1_shock         a_2_shock  Tot. lin. contr.
n_0               68.51             10.87             11.49             90.88
n_1               23.50             43.08              7.55             74.13
n_2               38.52             12.05             73.79            124.36
s_0               79.90              6.42              6.91             93.23
s_1               34.41             33.97              6.54             74.92
s_2               56.27             10.54             58.35            125.16
k                 91.81              1.03              0.92             93.76
k_0               96.99              1.27              1.48             99.74
k_1               68.30              9.83              0.66             78.79
k_2               93.50              0.78             13.28            107.55
c_0               82.91              3.61              3.55             90.06
c_1               17.11             82.22              3.66            102.99
c_2               15.73              3.43             79.51             98.67
i                 94.77              0.81              0.88             96.46
a_0              100.11              0.00              0.00            100.11
a_1                0.00            100.11              0.00            100.11
a_2                0.00              0.00            100.11            100.11
Note: numbers do not add up to 100 due to non-zero correlation of simulated shocks in small samples

Total computing time : 0h00m01s
