initval;
n_0=0.436781609195248;
n_1=0.2816091954019889;
n_2=0.2816091954027632;
s_0=0.43678160919597797;
s_1=0.28160919540210705;
s_2=0.2816091954019149;
k=9.63139120092346;
k_0=9.631391200925314;
k_1=9.631391200924728;
k_2=9.631391200924774;
c_0=0.8739595719368024;
c_1=0.8739595719370341;
c_2=0.8739595719374881;
i=0.48156956004617313;
a_0=0;
a_1=0;
a_2=0;
end;


