initval;
n_0=0.43673566721370344;
n_1=0.28163216639314803;
n_2=0.2816321663931485;
s_0=0.43673566722049184;
s_1=0.28163216638975413;
s_2=0.28163216638975413;
k=71.10369271891338;
k_0=71.10369271897365;
k_1=71.10369271901703;
k_2=71.10369271901705;
c_0=6.455394915298571;
c_1=6.455394915329796;
c_2=6.455394915329799;
i=3.6010962354288356;
a_0=0;
a_1=0;
a_2=0;
end;


