initval;
n_0=0.3;
n_1=0.3;
n_2=0.3;
s_0=0.3;
s_1=0.3;
s_2=0.3;
k=3.0;
k_0=0.3;
k_1=0.3;
k_2=0.3;
c_0=0.3;
c_1=0.3;
c_2=0.3;
i=0.0;
a_0=0;
a_1=0;
a_2=0;
end;


