Starting Dynare (version 6.1).
Calling Dynare with arguments: none
Preprocessing time: 0h00m03s.

STEADY-STATE RESULTS:

n_0 		 0.436782
n_1 		 0.281609
n_2 		 0.281609
s_0 		 0.436782
s_1 		 0.281609
s_2 		 0.281609
k   		 9.63139
k_0 		 9.63139
k_1 		 9.63139
k_2 		 9.63139
c_0 		 0.87396
c_1 		 0.87396
c_2 		 0.87396
a_0 		 0
a_1 		 0
a_2 		 0

EIGENVALUES:
         Modulus             Real        Imaginary
             0.9              0.9                0
             0.9              0.9                0
             0.9              0.9                0
          0.9105           0.9105                0
            1.22             1.22                0
       2.537e+16        2.537e+16                0
       5.225e+16       -5.225e+16                0
       2.638e+17        2.638e+17                0
        3.33e+17        -3.33e+17                0
       6.019e+17       -6.019e+17                0

There are 6 eigenvalue(s) larger than 1 in modulus for 6 forward-looking variable(s)
The rank condition is verified.


MODEL SUMMARY

  Number of variables:         16
  Number of stochastic shocks: 3
  Number of state variables:   4
  Number of jumpers:           6
  Number of static variables:  7


MATRIX OF COVARIANCE OF EXOGENOUS SHOCKS
Variables    a_0_shock  a_1_shock  a_2_shock
a_0_shock     0.500000   0.000000   0.000000
a_1_shock     0.000000   0.600000   0.000000
a_2_shock     0.000000   0.000000   0.700000

POLICY AND TRANSITION FUNCTIONS
                                 n_0             n_1             n_2             s_0             s_1             s_2               k             k_0             k_1             k_2             c_0             c_1             c_2             a_0             a_1             a_2
Constant                    0.436782        0.281609        0.281609        0.436782        0.281609        0.281609        9.631391        9.631391        9.631391        9.631391        0.873960        0.873960        0.873960               0               0               0
k(-1)                      -0.013866        0.006933        0.006933       -0.013866        0.006933        0.006933        0.910451        1.000000        1.000000        1.000000        0.066887        0.066887        0.066887               0               0               0
a_1(-1)                    -0.042241        0.084483       -0.042241       -0.042241        0.084483       -0.042241               0               0               0               0       -0.131094        1.048751       -0.131094               0        0.900000               0
a_2(-1)                    -0.042241       -0.042241        0.084483       -0.042241       -0.042241        0.084483               0               0               0               0       -0.131094       -0.131094        1.048751               0               0        0.900000
a_0(-1)                     0.385111       -0.192556       -0.192556        0.385111       -0.192556       -0.192556        1.832890               0               0               0        0.582259       -0.597586       -0.597586        0.900000               0               0
a_0_shock                   0.427901       -0.213951       -0.213951        0.427901       -0.213951       -0.213951        2.036544               0               0               0        0.646955       -0.663985       -0.663985        1.000000               0               0
a_1_shock                  -0.046935        0.093870       -0.046935       -0.046935        0.093870       -0.046935               0               0               0               0       -0.145660        1.165279       -0.145660               0        1.000000               0
a_2_shock                  -0.046935       -0.046935        0.093870       -0.046935       -0.046935        0.093870               0               0               0               0       -0.145660       -0.145660        1.165279               0               0        1.000000


MOMENTS OF SIMULATED VARIABLES
VARIABLE              MEAN       STD. DEV.        VARIANCE        SKEWNESS        KURTOSIS
n_0               0.434465        0.586692        0.344208       -0.157871        0.062580
n_1               0.287141        0.397881        0.158309       -0.000864        0.258907
n_2               0.278393        0.317464        0.100783        0.309832        0.294822
s_0               0.434465        0.586692        0.344208       -0.157871        0.062580
s_1               0.287141        0.397881        0.158309       -0.000864        0.258907
s_2               0.278393        0.317464        0.100783        0.309832        0.294822
k                 9.830929       25.830126      667.195428       -0.294077       -0.091968
k_0               9.836144       25.828576      667.115338       -0.294681       -0.091055
k_1               9.836144       25.828576      667.115338       -0.294681       -0.091055
k_2               9.836144       25.828576      667.115338       -0.294681       -0.091055
c_0               0.884890        2.672449        7.141981       -0.201729       -0.382898
c_1               0.948366        2.556168        6.533996        0.049859        0.080629
c_2               0.866919        2.791983        7.795170       -0.010372        0.938664
a_0               0.006442        1.673546        2.800758       -0.286465        0.296486
a_1               0.054863        2.019089        4.076722        0.351473        0.176089
a_2              -0.007266        2.058733        4.238381        0.101853        0.359799


CORRELATION OF SIMULATED VARIABLES
VARIABLE        n_0      n_1      n_2      s_0      s_1      s_2        k      k_0      k_1      k_2      c_0      c_1      c_2      a_0      a_1      a_2
n_0          1.0000  -0.8605  -0.7696   1.0000  -0.8605  -0.7696   0.3095   0.2141   0.2141   0.2141   0.5384  -0.5878  -0.2112   0.8684  -0.3915  -0.0457
n_1         -0.8605   1.0000   0.3369  -0.8605   1.0000   0.3369  -0.3957  -0.3155  -0.3155  -0.3155  -0.5710   0.7982  -0.2393  -0.8219   0.6661  -0.3503
n_2         -0.7696   0.3369   1.0000  -0.7696   0.3369   1.0000  -0.0760  -0.0002  -0.0002  -0.0002  -0.2795   0.0859   0.6902  -0.5747  -0.1112   0.5236
s_0          1.0000  -0.8605  -0.7696   1.0000  -0.8605  -0.7696   0.3095   0.2141   0.2141   0.2141   0.5384  -0.5878  -0.2112   0.8684  -0.3915  -0.0457
s_1         -0.8605   1.0000   0.3369  -0.8605   1.0000   0.3369  -0.3957  -0.3155  -0.3155  -0.3155  -0.5710   0.7982  -0.2393  -0.8219   0.6661  -0.3503
s_2         -0.7696   0.3369   1.0000  -0.7696   0.3369   1.0000  -0.0760  -0.0002  -0.0002  -0.0002  -0.2795   0.0859   0.6902  -0.5747  -0.1112   0.5236
k            0.3095  -0.3957  -0.0760   0.3095  -0.3957  -0.0760   1.0000   0.9948   0.9948   0.9948   0.9630   0.0079   0.4518   0.7146  -0.3723   0.0948
k_0          0.2141  -0.3155  -0.0002   0.2141  -0.3155  -0.0002   0.9948   1.0000   1.0000   1.0000   0.9353   0.0611   0.4744   0.6400  -0.3548   0.0849
k_1          0.2141  -0.3155  -0.0002   0.2141  -0.3155  -0.0002   0.9948   1.0000   1.0000   1.0000   0.9353   0.0611   0.4744   0.6400  -0.3548   0.0849
k_2          0.2141  -0.3155  -0.0002   0.2141  -0.3155  -0.0002   0.9948   1.0000   1.0000   1.0000   0.9353   0.0611   0.4744   0.6400  -0.3548   0.0849
c_0          0.5384  -0.5710  -0.2795   0.5384  -0.5710  -0.2795   0.9630   0.9353   0.9353   0.9353   1.0000  -0.1815   0.2955   0.8451  -0.4845   0.0025
c_1         -0.5878   0.7982   0.0859  -0.5878   0.7982   0.0859   0.0079   0.0611   0.0611   0.0611  -0.1815   1.0000  -0.0527  -0.3614   0.8494  -0.1685
c_2         -0.2112  -0.2393   0.6902  -0.2112  -0.2393   0.6902   0.4518   0.4744   0.4744   0.4744   0.2955  -0.0527   1.0000   0.1513  -0.2238   0.8648
a_0          0.8684  -0.8219  -0.5747   0.8684  -0.8219  -0.5747   0.7146   0.6400   0.6400   0.6400   0.8451  -0.3614   0.1513   1.0000  -0.3733   0.1326
a_1         -0.3915   0.6661  -0.1112  -0.3915   0.6661  -0.1112  -0.3723  -0.3548  -0.3548  -0.3548  -0.4845   0.8494  -0.2238  -0.3733   1.0000  -0.0553
a_2         -0.0457  -0.3503   0.5236  -0.0457  -0.3503   0.5236   0.0948   0.0849   0.0849   0.0849   0.0025  -0.1685   0.8648   0.1326  -0.0553   1.0000


AUTOCORRELATION OF SIMULATED VARIABLES
VARIABLE         1       2       3       4       5
n_0         0.8562  0.7180  0.5933  0.4847  0.3944
n_1         0.8952  0.7880  0.6855  0.5894  0.5058
n_2         0.8496  0.7180  0.6079  0.5205  0.4488
s_0         0.8562  0.7180  0.5933  0.4847  0.3944
s_1         0.8952  0.7880  0.6855  0.5894  0.5058
s_2         0.8496  0.7180  0.6079  0.5205  0.4488
k           0.9938  0.9800  0.9592  0.9327  0.9019
k_0         0.9937  0.9800  0.9591  0.9327  0.9018
k_1         0.9937  0.9800  0.9591  0.9327  0.9018
k_2         0.9937  0.9800  0.9591  0.9327  0.9018
c_0         0.9815  0.9571  0.9279  0.8957  0.8607
c_1         0.9044  0.8063  0.7151  0.6325  0.5533
c_2         0.9166  0.8441  0.7778  0.7223  0.6673
a_0         0.9104  0.8216  0.7379  0.6607  0.5957
a_1         0.9160  0.8353  0.7647  0.7047  0.6478
a_2         0.9072  0.8269  0.7509  0.6851  0.6234



VARIANCE DECOMPOSITION SIMULATING ONE SHOCK AT A TIME (in percent)
              a_0_shock         a_1_shock         a_2_shock  Tot. lin. contr.
n_0               90.97              2.61              2.72             96.30
n_1               49.45             22.72              5.90             78.07
n_2               77.68              8.92             37.10            123.69
s_0               90.97              2.61              2.72             96.30
s_1               49.45             22.72              5.90             78.07
s_2               77.68              8.92             37.10            123.69
k                100.11              0.00              0.00            100.11
k_0              100.11              0.00              0.00            100.11
k_1              100.11              0.00              0.00            100.11
k_2              100.11              0.00              0.00            100.11
c_0               91.83              1.21              1.26             94.30
c_1               27.00             84.82              1.38            113.19
c_2               22.63              1.11             73.91             97.65
a_0              100.11              0.00              0.00            100.11
a_1                0.00            100.11              0.00            100.11
a_2                0.00              0.00            100.11            100.11
Note: numbers do not add up to 100 due to non-zero correlation of simulated shocks in small samples

Total computing time : 0h00m01s
