initval;
n_0=0.37179487179206433;
n_1=0.3141025641039681;
n_2=0.31410256410396764;
k_0=1.33136094673332;
k_1=1.33136094673332;
k_2=1.33136094673332;
c_0=0.36242603549771707;
c_1=0.3624260355032125;
c_2=0.3624260355032125;
a_0=0;
a_1=0;
a_2=0;
end;


