Starting Dynare (version 6.1).
Calling Dynare with arguments: none
Preprocessing time: 0h00m00s.

STEADY-STATE RESULTS:

n_0 		 0.114696
n_1 		 0.345485
n_2 		 0.53982
s_0 		 0.114696
s_1 		 0.345485
s_2 		 0.53982
k   		 2.43056
c_0 		 0.0281851
c_1 		 0.450963
c_2 		 0.704629
i   		 0.121528
a_0 		 0
a_1 		 0
a_2 		 0

EIGENVALUES:
         Modulus             Real        Imaginary
               0                0                0
               0                0                0
               0                0                0
          0.8925           0.8925                0
            0.95             0.95                0
            0.95             0.95                0
            0.95             0.95                0
           1.245            1.245                0
       4.782e+16       -4.782e+16                0
       5.038e+16       -5.038e+16                0
       6.949e+16       -6.949e+16                0
       1.375e+17        1.375e+17                0
        9.49e+17        -9.49e+17                0
       1.368e+18        1.368e+18                0
       1.688e+18       -1.688e+18                0
       3.181e+18       -3.181e+18                0
       4.932e+18       -4.932e+18                0
       2.995e+33       -2.995e+33                0
       6.535e+33        6.535e+33                0
       3.167e+36        3.167e+36                0

There are 13 eigenvalue(s) larger than 1 in modulus for 13 forward-looking variable(s)
The rank condition is verified.


MODEL SUMMARY

  Number of variables:         14
  Number of stochastic shocks: 3
  Number of state variables:   7
  Number of jumpers:           13
  Number of static variables:  0


MATRIX OF COVARIANCE OF EXOGENOUS SHOCKS
Variables    a_0_shock  a_1_shock  a_2_shock
a_0_shock     0.500000   0.000000   0.000000
a_1_shock     0.000000   0.000000   0.000000
a_2_shock     0.000000   0.000000   0.000000

POLICY AND TRANSITION FUNCTIONS
                                 n_0             n_1             n_2             s_0             s_1             s_2               k             c_0             c_1             c_2               i             a_0             a_1             a_2
Constant                    0.114696        0.345485        0.539820        0.114696        0.345485        0.539820        2.430557        0.028185        0.450963        0.704629        0.121528               0               0               0
k(-1)                      -0.054240        0.021167        0.033073       -0.054240        0.021167        0.033073        0.892474        0.005206        0.083291        0.130142       -0.057526               0               0               0
a_0(-1)                     0.226726       -0.088479       -0.138248        0.226726       -0.088478       -0.138247        0.391840        0.046334       -0.115491       -0.180455        0.391840        0.950000               0               0
a_1(-1)                    -0.007815        0.203178       -0.195363       -0.007815        0.203178       -0.195364               0       -0.010200        0.693623       -0.255009               0               0        0.950000               0
a_2(-1)                    -0.012210       -0.195363        0.207574       -0.012210       -0.195364        0.207574               0       -0.015938       -0.255009        0.940344               0               0               0        0.950000
a_0_shock                   0.238659       -0.093135       -0.145524        0.238659       -0.093135       -0.145524        0.412464        0.048772       -0.121570       -0.189953        0.412464        1.000000               0               0
a_1_shock                  -0.008226        0.213872       -0.205646       -0.008226        0.213872       -0.205646               0       -0.010737        0.730130       -0.268430               0               0        1.000000               0
a_2_shock                  -0.012853       -0.205646        0.218499       -0.012853       -0.205646        0.218499               0       -0.016777       -0.268430        0.989836               0               0               0        1.000000


MOMENTS OF SIMULATED VARIABLES
VARIABLE              MEAN       STD. DEV.        VARIANCE        SKEWNESS        KURTOSIS
n_0               0.098199        0.356315        0.126960        0.152745        0.280935
n_1               0.351922        0.139050        0.019335       -0.152745        0.280935
n_2               0.549878        0.217265        0.047204       -0.152745        0.280935
s_0               0.098199        0.356314        0.126960        0.152745        0.280935
s_1               0.351922        0.139049        0.019335       -0.152745        0.280935
s_2               0.549879        0.217265        0.047204       -0.152745        0.280935
k                 0.813461        8.488600       72.056329       -0.407553        0.709736
c_0              -0.001426        0.165680        0.027450       -0.175197        0.650600
c_1               0.369707        0.480310        0.230698       -0.179903        0.659032
c_2               0.577666        0.750484        0.563227       -0.179903        0.659032
i                 0.034684        0.728294        0.530412        0.271182        0.367172
a_0              -0.435205        2.610595        6.815207       -0.021547        0.583438
a_1              -0.000000        0.000000        0.000000             NaN             NaN
a_2               0.000000        0.000000        0.000000             NaN             NaN


CORRELATION OF SIMULATED VARIABLES
VARIABLE        n_0      n_1      n_2      s_0      s_1      s_2        k      c_0      c_1      c_2        i      a_0      a_1      a_2
n_0          1.0000  -1.0000  -1.0000   1.0000  -1.0000  -1.0000   0.2201   0.5643  -0.2307  -0.2307   0.9087   0.6824      NaN      NaN
n_1         -1.0000   1.0000   1.0000  -1.0000   1.0000   1.0000  -0.2201  -0.5643   0.2307   0.2307  -0.9087  -0.6824      NaN      NaN
n_2         -1.0000   1.0000   1.0000  -1.0000   1.0000   1.0000  -0.2201  -0.5643   0.2307   0.2307  -0.9087  -0.6824      NaN      NaN
s_0          1.0000  -1.0000  -1.0000   1.0000  -1.0000  -1.0000   0.2201   0.5643  -0.2307  -0.2307   0.9087   0.6824      NaN      NaN
s_1         -1.0000   1.0000   1.0000  -1.0000   1.0000   1.0000  -0.2201  -0.5643   0.2307   0.2307  -0.9087  -0.6824      NaN      NaN
s_2         -1.0000   1.0000   1.0000  -1.0000   1.0000   1.0000  -0.2201  -0.5643   0.2307   0.2307  -0.9087  -0.6824      NaN      NaN
k            0.2201  -0.2201  -0.2201   0.2201  -0.2201  -0.2201   1.0000   0.9295   0.8984   0.8984   0.6072   0.8632      NaN      NaN
c_0          0.5643  -0.5643  -0.5643   0.5643  -0.5643  -0.5643   0.9295   1.0000   0.6730   0.6730   0.8575   0.9886      NaN      NaN
c_1         -0.2307   0.2307   0.2307  -0.2307   0.2307   0.2307   0.8984   0.6730   1.0000   1.0000   0.1966   0.5538      NaN      NaN
c_2         -0.2307   0.2307   0.2307  -0.2307   0.2307   0.2307   0.8984   0.6730   1.0000   1.0000   0.1966   0.5538      NaN      NaN
i            0.9087  -0.9087  -0.9087   0.9087  -0.9087  -0.9087   0.6072   0.8575   0.1966   0.1966   1.0000   0.9253      NaN      NaN
a_0          0.6824  -0.6824  -0.6824   0.6824  -0.6824  -0.6824   0.8632   0.9886   0.5538   0.5538   0.9253   1.0000      NaN      NaN
a_1             NaN      NaN      NaN      NaN      NaN      NaN      NaN      NaN      NaN      NaN      NaN      NaN      NaN      NaN
a_2             NaN      NaN      NaN      NaN      NaN      NaN      NaN      NaN      NaN      NaN      NaN      NaN      NaN      NaN


AUTOCORRELATION OF SIMULATED VARIABLES
VARIABLE         1       2       3       4       5
n_0         0.8758  0.7675  0.6705  0.5682  0.4762
n_1         0.8758  0.7675  0.6705  0.5682  0.4762
n_2         0.8758  0.7675  0.6705  0.5682  0.4762
s_0         0.8758  0.7675  0.6705  0.5682  0.4762
s_1         0.8758  0.7675  0.6705  0.5682  0.4762
s_2         0.8758  0.7675  0.6705  0.5682  0.4762
k           0.9963  0.9893  0.9783  0.9641  0.9473
c_0         0.9762  0.9522  0.9268  0.8977  0.8680
c_1         0.9759  0.9521  0.9273  0.8995  0.8715
c_2         0.9759  0.9521  0.9273  0.8995  0.8715
i           0.9131  0.8363  0.7660  0.6913  0.6229
a_0         0.9605  0.9234  0.8868  0.8464  0.8071
a_1            NaN     NaN     NaN     NaN     NaN
a_2            NaN     NaN     NaN     NaN     NaN



VARIANCE DECOMPOSITION SIMULATING ONE SHOCK AT A TIME (in percent)
              a_0_shock         a_1_shock         a_2_shock  Tot. lin. contr.
n_0              100.11              0.00              0.00            100.11
n_1              100.11              0.00              0.00            100.11
n_2              100.11              0.00              0.00            100.11
s_0              100.11              0.00              0.00            100.11
s_1              100.11              0.00              0.00            100.11
s_2              100.11              0.00              0.00            100.11
k                100.11              0.00              0.00            100.11
c_0              100.11              0.00              0.00            100.11
c_1              100.11              0.00              0.00            100.11
c_2              100.11              0.00              0.00            100.11
i                100.11              0.00              0.00            100.11
a_0              100.11              0.00              0.00            100.11
a_1                 NaN               NaN               NaN               NaN
a_2                 NaN               NaN               NaN               NaN
Note: numbers do not add up to 100 due to non-zero correlation of simulated shocks in small samples

Total computing time : 0h00m01s
