initval;
n_1=-1.1332206561880598;
n_2=-1.3359532102463847;
s_1=-1.1332206560767943;
s_2=-1.3359532104747414;
k=0.888126023885391;
c_0=-0.8667828491440832;
c_1=-0.8667828490118531;
c_2=-1.069515403180939;
i=0.12152852748226979;
a_0=0;
a_1=0;
a_2=0;
end;


