initval;
n_0=0.4367816092785867;
n_1=0.2816091953452936;
n_2=0.2816091953761196;
s_0=0.436781609279106;
s_1=0.28160919534503404;
s_2=0.28160919537586;
k=9.631391200688238;
k_0=9.631391200514672;
k_1=9.631391200814955;
k_2=9.631391200814951;
c_0=0.8739595721069313;
c_1=0.8739595718396;
c_2=0.8739595718395994;
a_0=0;
a_1=0;
a_2=0;
end;


