Starting Dynare (version 6.1).
Calling Dynare with arguments: none
Preprocessing time: 0h00m00s.

STEADY-STATE RESULTS:

n_0 		 0.371795
n_1 		 0.314103
n_2 		 0.314103
k   		 1.33136
c_0 		 0.362426
c_1 		 0.362426
c_2 		 0.362426
a_0 		 0
a_1 		 0
a_2 		 0

EIGENVALUES:
         Modulus             Real        Imaginary
          0.7911           0.7911                0
             0.9              0.9                0
             0.9              0.9                0
             0.9              0.9                0
           1.279            1.279                0
       9.594e+17       -9.594e+17                0
             Inf              Inf                0

There are 3 eigenvalue(s) larger than 1 in modulus for 3 forward-looking variable(s)
The rank condition is verified.


MODEL SUMMARY

  Number of variables:         10
  Number of stochastic shocks: 3
  Number of state variables:   4
  Number of jumpers:           3
  Number of static variables:  4


MATRIX OF COVARIANCE OF EXOGENOUS SHOCKS
Variables    a_0_shock  a_1_shock  a_2_shock
a_0_shock     0.500000   0.000000   0.000000
a_1_shock     0.000000   0.600000   0.000000
a_2_shock     0.000000   0.000000   0.700000

POLICY AND TRANSITION FUNCTIONS
                                 n_0             n_1             n_2               k             c_0             c_1             c_2             a_0             a_1             a_2
Constant                    0.371795        0.314103        0.314103        1.331360        0.362426        0.362426        0.362426               0               0               0
k(-1)                      -0.106260        0.053130        0.053130        0.791089        0.197415        0.197415        0.197415               0               0               0
a_1(-1)                    -0.095400        0.118373       -0.022973       -0.083570       -0.026507        0.462768       -0.026507               0        0.900000               0
a_2(-1)                    -0.095400       -0.022973        0.118373       -0.083570       -0.026507       -0.026507        0.462768               0               0        0.900000
a_0(-1)                     0.463633       -0.231816       -0.231816        0.699260        0.221795       -0.267480       -0.267480        0.900000               0               0
a_0_shock                   0.515147       -0.257574       -0.257574        0.776956        0.246439       -0.297200       -0.297200        1.000000               0               0
a_1_shock                  -0.106000        0.131526       -0.025525       -0.092856       -0.029452        0.514186       -0.029452               0        1.000000               0
a_2_shock                  -0.106000       -0.025525        0.131526       -0.092856       -0.029452       -0.029452        0.514186               0               0        1.000000


MOMENTS OF SIMULATED VARIABLES
VARIABLE              MEAN       STD. DEV.        VARIANCE        SKEWNESS        KURTOSIS
n_0               0.368174        0.610954        0.373265       -0.093369       -0.019244
n_1               0.320791        0.417877        0.174621       -0.044539        0.288142
n_2               0.311034        0.346745        0.120232        0.234277        0.280305
k                 1.346045        5.499620       30.245816       -0.197045       -0.232097
c_0               0.366130        1.454230        2.114784       -0.196855       -0.228707
c_1               0.392453        1.037640        1.076697       -0.128984        0.207565
c_2               0.358678        1.272010        1.618009       -0.215460        1.204721
a_0               0.006442        1.673546        2.800758       -0.286465        0.296486
a_1               0.054863        2.019089        4.076722        0.351473        0.176089
a_2              -0.007266        2.058733        4.238381        0.101853        0.359799


CORRELATION OF SIMULATED VARIABLES
VARIABLE        n_0      n_1      n_2        k      c_0      c_1      c_2      a_0      a_1      a_2
n_0          1.0000  -0.8375  -0.7526   0.4258   0.4527  -0.4881  -0.1559   0.7575  -0.4333  -0.1497
n_1         -0.8375   1.0000   0.2706  -0.4891  -0.5103   0.6986  -0.3120  -0.7467   0.7176  -0.2985
n_2         -0.7526   0.2706   1.0000  -0.1608  -0.1827   0.0180   0.6506  -0.4348  -0.1013   0.6234
k            0.4258  -0.4891  -0.1608   1.0000   0.9995   0.1535   0.5297   0.8542  -0.4711  -0.0024
c_0          0.4527  -0.5103  -0.1827   0.9995   1.0000   0.1369   0.5196   0.8687  -0.4754  -0.0026
c_1         -0.4881   0.6986   0.0180   0.1535   0.1369   1.0000   0.0384  -0.0543   0.7189  -0.1785
c_2         -0.1559  -0.3120   0.6506   0.5297   0.5196   0.0384   1.0000   0.3945  -0.3252   0.7820
a_0          0.7575  -0.7467  -0.4348   0.8542   0.8687  -0.0543   0.3945   1.0000  -0.3733   0.1326
a_1         -0.4333   0.7176  -0.1013  -0.4711  -0.4754   0.7189  -0.3252  -0.3733   1.0000  -0.0553
a_2         -0.1497  -0.2985   0.6234  -0.0024  -0.0026  -0.1785   0.7820   0.1326  -0.0553   1.0000


AUTOCORRELATION OF SIMULATED VARIABLES
VARIABLE         1       2       3       4       5
n_0         0.7836  0.5981  0.4496  0.3394  0.2569
n_1         0.8561  0.7227  0.6078  0.5113  0.4335
n_2         0.8005  0.6393  0.5152  0.4292  0.3633
k           0.9873  0.9585  0.9175  0.8681  0.8133
c_0         0.9860  0.9561  0.9143  0.8645  0.8095
c_1         0.8795  0.7621  0.6589  0.5715  0.4907
c_2         0.9130  0.8357  0.7638  0.7031  0.6415
a_0         0.9104  0.8216  0.7379  0.6607  0.5957
a_1         0.9160  0.8353  0.7647  0.7047  0.6478
a_2         0.9072  0.8269  0.7509  0.6851  0.6234



VARIANCE DECOMPOSITION SIMULATING ONE SHOCK AT A TIME (in percent)
              a_0_shock         a_1_shock         a_2_shock  Tot. lin. contr.
n_0               81.50              6.39              6.93             94.82
n_1               43.55             31.18              4.51             79.25
n_2               63.26              6.49             47.72            117.47
k                 88.62              1.97              1.97             92.56
c_0               88.65              1.97              1.97             92.59
c_1               46.10             78.32              3.87            128.28
c_2               30.68              2.57             54.87             88.12
a_0              100.11              0.00              0.00            100.11
a_1                0.00            100.11              0.00            100.11
a_2                0.00              0.00            100.11            100.11
Note: numbers do not add up to 100 due to non-zero correlation of simulated shocks in small samples

Total computing time : 0h00m00s
