Starting Dynare (version 6.1).
Calling Dynare with arguments: none
Preprocessing time: 0h00m01s.

STEADY-STATE RESULTS:

n_0 		 0.395833
n_1 		 0.302083
n_2 		 0.302083
k   		 0.878906
c_0 		 0.283203
c_1 		 0.283203
c_2 		 0.283203
a_0 		 0
a_1 		 0
a_2 		 0

EIGENVALUES:
         Modulus             Real        Imaginary
          0.7527           0.7527                0
             0.9              0.9                0
             0.9              0.9                0
             0.9              0.9                0
           1.327            1.327                0
       5.709e+18        5.709e+18                0
             Inf              Inf                0

There are 3 eigenvalue(s) larger than 1 in modulus for 3 forward-looking variable(s)
The rank condition is verified.


MODEL SUMMARY

  Number of variables:         10
  Number of stochastic shocks: 3
  Number of state variables:   4
  Number of jumpers:           3
  Number of static variables:  4


MATRIX OF COVARIANCE OF EXOGENOUS SHOCKS
Variables    a_0_shock  a_1_shock  a_2_shock
a_0_shock     0.500000   0.000000   0.000000
a_1_shock     0.000000   0.600000   0.000000
a_2_shock     0.000000   0.000000   0.700000

POLICY AND TRANSITION FUNCTIONS
                                 n_0             n_1             n_2               k             c_0             c_1             c_2             a_0             a_1             a_2
Constant                    0.395833        0.302083        0.302083        0.878906        0.283203        0.283203        0.283203               0               0               0
k(-1)                      -0.140272        0.070136        0.070136        0.752743        0.226863        0.226863        0.226863               0               0               0
a_1(-1)                    -0.089061        0.112499       -0.023438       -0.061521       -0.021973        0.360351       -0.021973               0        0.900000               0
a_2(-1)                    -0.089061       -0.023438        0.112499       -0.061521       -0.021973       -0.021973        0.360351               0               0        0.900000
a_0(-1)                     0.411516       -0.205758       -0.205758        0.530355        0.189426       -0.192898       -0.192898        0.900000               0               0
a_0_shock                   0.457241       -0.228620       -0.228620        0.589284        0.210473       -0.214331       -0.214331        1.000000               0               0
a_1_shock                  -0.098957        0.124999       -0.026043       -0.068357       -0.024415        0.400390       -0.024415               0        1.000000               0
a_2_shock                  -0.098957       -0.026043        0.124999       -0.068357       -0.024415       -0.024415        0.400390               0               0        1.000000


MOMENTS OF SIMULATED VARIABLES
VARIABLE              MEAN       STD. DEV.        VARIANCE        SKEWNESS        KURTOSIS
n_0               0.392444        0.534182        0.285350       -0.110370       -0.039669
n_1               0.308470        0.380080        0.144461       -0.022764        0.240476
n_2               0.299086        0.313547        0.098311        0.249606        0.312917
k                 0.888172        3.620910       13.110990       -0.201670       -0.184032
c_0               0.286026        1.143598        1.307816       -0.201489       -0.181637
c_1               0.306595        0.788526        0.621773       -0.096326        0.179546
c_2               0.280202        0.986154        0.972499       -0.214563        1.205062
a_0               0.006442        1.673546        2.800758       -0.286465        0.296486
a_1               0.054863        2.019089        4.076722        0.351473        0.176089
a_2              -0.007266        2.058733        4.238381        0.101853        0.359799


CORRELATION OF SIMULATED VARIABLES
VARIABLE        n_0      n_1      n_2        k      c_0      c_1      c_2      a_0      a_1      a_2
n_0          1.0000  -0.8164  -0.7141   0.4992   0.5175  -0.4423  -0.1072   0.7656  -0.4621  -0.1753
n_1         -0.8164   1.0000   0.1786  -0.5425  -0.5563   0.6764  -0.3834  -0.7420   0.7485  -0.3081
n_2         -0.7141   0.1786   1.0000  -0.1929  -0.2074  -0.0665   0.6474  -0.4048  -0.1202   0.6721
k            0.4992  -0.5425  -0.1929   1.0000   0.9998   0.1403   0.5277   0.8800  -0.4746   0.0030
c_0          0.5175  -0.5563  -0.2074   0.9998   1.0000   0.1293   0.5209   0.8894  -0.4772   0.0028
c_1         -0.4423   0.6764  -0.0665   0.1403   0.1293   1.0000   0.0069  -0.0178   0.7322  -0.1758
c_2         -0.1072  -0.3834   0.6474   0.5277   0.5209   0.0069   1.0000   0.4281  -0.3334   0.7944
a_0          0.7656  -0.7420  -0.4048   0.8800   0.8894  -0.0178   0.4281   1.0000  -0.3733   0.1326
a_1         -0.4621   0.7485  -0.1202  -0.4746  -0.4772   0.7322  -0.3334  -0.3733   1.0000  -0.0553
a_2         -0.1753  -0.3081   0.6721   0.0030   0.0028  -0.1758   0.7944   0.1326  -0.0553   1.0000


AUTOCORRELATION OF SIMULATED VARIABLES
VARIABLE         1       2       3       4       5
n_0         0.7736  0.5866  0.4421  0.3397  0.2658
n_1         0.8573  0.7283  0.6195  0.5297  0.4582
n_2         0.7991  0.6415  0.5231  0.4442  0.3845
k           0.9851  0.9517  0.9051  0.8501  0.7901
c_0         0.9840  0.9497  0.9026  0.8473  0.7872
c_1         0.8762  0.7578  0.6555  0.5706  0.4929
c_2         0.9130  0.8354  0.7629  0.7014  0.6389
a_0         0.9104  0.8216  0.7379  0.6607  0.5957
a_1         0.9160  0.8353  0.7647  0.7047  0.6478
a_2         0.9072  0.8269  0.7509  0.6851  0.6234



VARIANCE DECOMPOSITION SIMULATING ONE SHOCK AT A TIME (in percent)
              a_0_shock         a_1_shock         a_2_shock  Tot. lin. contr.
n_0               78.57              7.60              8.15             94.32
n_1               38.80             34.89              4.92             78.62
n_2               57.02              7.11             53.82            117.94
k                 89.22              1.84              1.86             92.91
c_0               89.24              1.84              1.86             92.94
c_1               45.34             82.98              3.90            132.22
c_2               28.99              2.47             55.69             87.16
a_0              100.11              0.00              0.00            100.11
a_1                0.00            100.11              0.00            100.11
a_2                0.00              0.00            100.11            100.11
Note: numbers do not add up to 100 due to non-zero correlation of simulated shocks in small samples

Total computing time : 0h00m01s
