initval;
n_0=0.37179487184553434;
n_1=0.31410256406175696;
n_2=0.3141025640927087;
k=1.3313609475553958;
c_0=0.36242603562185355;
c_1=0.36242603559389786;
c_2=0.3624260355938979;
a_0=0;
a_1=0;
a_2=0;
end;


