initval;
n_0=0.32349525134453466;
n_1=0.32349525134451945;
n_2=0.35300949731094583;
k=0.08710907149692115;
c_0=0.08676627702197987;
c_1=0.09547718417166749;
c_2=0.10418809132134713;
a_0=0;
a_1=0;
a_2=0;
end;


