initval;
n_0=0.3717948717946855;
n_1=0.31410256410447723;
n_2=0.3141025641008373;
k=1.3313609467447725;
c_0=0.36242603550261754;
c_1=0.36242603550297375;
c_2=0.36242603550297386;
a_0=0;
a_1=0;
a_2=0;
end;


