initval;
n_0=0.34569599405458;
n_1=0.3271520029737993;
n_2=0.32715200297162067;
k=0.13755184209778895;
c_0=0.12133407651083655;
c_1=0.12133407651124055;
c_2=0.12133407651043253;
a_0=0;
a_1=0;
a_2=0;
end;


