Starting Dynare (version 6.1).
Calling Dynare with arguments: none
Preprocessing time: 0h00m01s.

STEADY-STATE RESULTS:

n_0 		 0.315938
n_1 		 0.442949
n_2 		 0.241113
k   		 0.559915
c_0 		 0.180417
c_1 		 0.331447
c_2 		 0.180419
a_0 		 0
a_1 		 0
a_2 		 0

EIGENVALUES:
         Modulus             Real        Imaginary
          0.7286           0.7286                0
             0.9              0.9                0
             0.9              0.9                0
             0.9              0.9                0
           1.331            1.331                0
        5.87e+18        -5.87e+18                0
             Inf              Inf                0

There are 3 eigenvalue(s) larger than 1 in modulus for 3 forward-looking variable(s)
The rank condition is verified.


MODEL SUMMARY

  Number of variables:         10
  Number of stochastic shocks: 3
  Number of state variables:   4
  Number of jumpers:           3
  Number of static variables:  4


MATRIX OF COVARIANCE OF EXOGENOUS SHOCKS
Variables    a_0_shock  a_1_shock  a_2_shock
a_0_shock     0.500000   0.000000   0.000000
a_1_shock     0.000000   0.600000   0.000000
a_2_shock     0.000000   0.000000   0.700000

POLICY AND TRANSITION FUNCTIONS
                                 n_0             n_1             n_2               k             c_0             c_1             c_2             a_0             a_1             a_2
Constant                    0.315938        0.442949        0.241113        0.559915        0.180417        0.331447        0.180419               0               0               0
k(-1)                      -0.218818        0.141686        0.077131        0.728554        0.218822        0.402000        0.218828               0               0               0
a_1(-1)                    -0.114473        0.144381       -0.029908       -0.063277       -0.022380        0.406339       -0.022380               0        0.900000               0
a_2(-1)                    -0.062311       -0.029909        0.092220       -0.034444       -0.012182       -0.022380        0.231383               0               0        0.900000
a_0(-1)                     0.409305       -0.265036       -0.144269        0.383429        0.135611       -0.198320       -0.107953        0.900000               0               0
a_0_shock                   0.454783       -0.294485       -0.160299        0.426032        0.150679       -0.220355       -0.119948        1.000000               0               0
a_1_shock                  -0.127192        0.160423       -0.033232       -0.070308       -0.024867        0.451488       -0.024866               0        1.000000               0
a_2_shock                  -0.069235       -0.033232        0.102467       -0.038271       -0.013536       -0.024867        0.257092               0               0        1.000000


MOMENTS OF SIMULATED VARIABLES
VARIABLE              MEAN       STD. DEV.        VARIANCE        SKEWNESS        KURTOSIS
n_0               0.311583        0.524834        0.275451       -0.063272        0.000462
n_1               0.450619        0.462711        0.214101       -0.036208        0.267321
n_2               0.237798        0.251261        0.063132        0.195982        0.299326
k                 0.561780        2.498005        6.240029       -0.191957       -0.181147
c_0               0.180933        0.788044        0.621014       -0.191608       -0.178937
c_1               0.356467        0.864841        0.747950       -0.177270        0.108344
c_2               0.177225        0.676437        0.457567       -0.210374        1.090220
a_0               0.006442        1.673546        2.800758       -0.286465        0.296486
a_1               0.054863        2.019089        4.076722        0.351473        0.176089
a_2              -0.007266        2.058733        4.238381        0.101853        0.359799


CORRELATION OF SIMULATED VARIABLES
VARIABLE        n_0      n_1      n_2        k      c_0      c_1      c_2      a_0      a_1      a_2
n_0          1.0000  -0.8780  -0.4720   0.5074   0.5250  -0.4405   0.0337   0.7577  -0.5086  -0.0857
n_1         -0.8780   1.0000  -0.0077  -0.5600  -0.5738   0.5929  -0.4296  -0.7298   0.7334  -0.3032
n_2         -0.4720  -0.0077   1.0000  -0.0286  -0.0399  -0.1716   0.7208  -0.2388  -0.2883   0.7374
k            0.5074  -0.5600  -0.0286   1.0000   0.9998   0.2186   0.5963   0.8894  -0.5164   0.0329
c_0          0.5250  -0.5738  -0.0399   0.9998   1.0000   0.2078   0.5909   0.8979  -0.5189   0.0329
c_1         -0.4405   0.5929  -0.1716   0.2186   0.2078   1.0000   0.0573   0.1077   0.6512  -0.1367
c_2          0.0337  -0.4296   0.7208   0.5963   0.5909   0.0573   1.0000   0.4858  -0.4002   0.7732
a_0          0.7577  -0.7298  -0.2388   0.8894   0.8979   0.1077   0.4858   1.0000  -0.3733   0.1326
a_1         -0.5086   0.7334  -0.2883  -0.5164  -0.5189   0.6512  -0.4002  -0.3733   1.0000  -0.0553
a_2         -0.0857  -0.3032   0.7374   0.0329   0.0329  -0.1367   0.7732   0.1326  -0.0553   1.0000


AUTOCORRELATION OF SIMULATED VARIABLES
VARIABLE         1       2       3       4       5
n_0         0.7621  0.5683  0.4213  0.3183  0.2466
n_1         0.8393  0.6989  0.5842  0.4925  0.4223
n_2         0.8251  0.6891  0.5866  0.5173  0.4630
k           0.9841  0.9488  0.8999  0.8429  0.7813
c_0         0.9829  0.9467  0.8974  0.8401  0.7784
c_1         0.8695  0.7461  0.6406  0.5543  0.4755
c_2         0.9245  0.8545  0.7866  0.7264  0.6648
a_0         0.9104  0.8216  0.7379  0.6607  0.5957
a_1         0.9160  0.8353  0.7647  0.7047  0.6478
a_2         0.9072  0.8269  0.7509  0.6851  0.6234



VARIANCE DECOMPOSITION SIMULATING ONE SHOCK AT A TIME (in percent)
              a_0_shock         a_1_shock         a_2_shock  Tot. lin. contr.
n_0               75.04             11.67              3.72             90.43
n_1               40.48             34.20              4.72             79.40
n_2               40.67             15.65             60.27            116.59
k                 83.84              3.48              1.04             88.36
c_0               83.87              3.48              1.04             88.39
c_1               57.01             77.31              2.92            137.24
c_2               27.61              4.72             51.25             83.59
a_0              100.11              0.00              0.00            100.11
a_1                0.00            100.11              0.00            100.11
a_2                0.00              0.00            100.11            100.11
Note: numbers do not add up to 100 due to non-zero correlation of simulated shocks in small samples

Total computing time : 0h00m01s
