initval;
n_0=0.2937912933205741;
n_1=0.21525365988355666;
n_2=0.4909550467958693;
k=0.6382906961327719;
c_0=0.1708898935773115;
c_1=0.17197281546297563;
c_2=0.3922391921647987;
a_0=0;
a_1=0;
a_2=0;
end;


