initval;
y=0.7255536878989699;
c=0.47947974157215834;
i=0.4506407885727178;
k=2.1986475391174944;
a_0=0;
end;


