{
 "cells": [
  {
   "cell_type": "code",
   "execution_count": 1,
   "id": "d963da46",
   "metadata": {},
   "outputs": [
    {
     "name": "stdout",
     "output_type": "stream",
     "text": [
      "warning: function C:\\dynare\\6.1\\matlab\\+identification\\display.m shadows a built-in function\n",
      "warning: called from\n",
      "    _pyeval at line 57 column 30\n",
      "\n",
      "warning: function C:\\dynare\\6.1\\matlab\\+identification\\display.m shadows a built-in function\n",
      "warning: called from\n",
      "    _pyeval at line 57 column 30\n",
      "\n"
     ]
    },
    {
     "data": {
      "text/plain": [
       "'.;C:\\\\Users\\\\blankenw\\\\AppData\\\\Local\\\\anaconda3\\\\Lib\\\\site-packages\\\\oct2py;C:\\\\Users\\\\blankenw\\\\AppData\\\\Local\\\\anaconda3\\\\Lib\\\\site-packages\\\\octave_kernel;C:\\\\Program Files\\\\GNU Octave\\\\Octave-9.1.0\\\\mingw64\\\\lib\\\\octave\\\\9.1.0\\\\site\\\\oct\\\\x86_64-w64-mingw32;C:\\\\Program Files\\\\GNU Octave\\\\Octave-9.1.0\\\\mingw64\\\\lib\\\\octave\\\\site\\\\oct\\\\api-v59\\\\x86_64-w64-mingw32;C:\\\\Program Files\\\\GNU Octave\\\\Octave-9.1.0\\\\mingw64\\\\lib\\\\octave\\\\site\\\\oct\\\\x86_64-w64-mingw32;C:\\\\Program Files\\\\GNU Octave\\\\Octave-9.1.0\\\\mingw64\\\\share\\\\octave\\\\9.1.0\\\\site\\\\m;C:\\\\Program Files\\\\GNU Octave\\\\Octave-9.1.0\\\\mingw64\\\\share\\\\octave\\\\site\\\\api-v59\\\\m;C:\\\\Program Files\\\\GNU Octave\\\\Octave-9.1.0\\\\mingw64\\\\share\\\\octave\\\\site\\\\m;C:\\\\Program Files\\\\GNU Octave\\\\Octave-9.1.0\\\\mingw64\\\\share\\\\octave\\\\site\\\\m\\\\once_only;C:\\\\Program Files\\\\GNU Octave\\\\Octave-9.1.0\\\\mingw64\\\\share\\\\octave\\\\site\\\\m\\\\startup;C:\\\\Program Files\\\\GNU Octave\\\\Octave-9.1.0\\\\mingw64\\\\lib\\\\octave\\\\9.1.0\\\\oct\\\\x86_64-w64-mingw32;C:\\\\Program Files\\\\GNU Octave\\\\Octave-9.1.0\\\\mingw64\\\\share\\\\octave\\\\9.1.0\\\\m;C:\\\\Program Files\\\\GNU Octave\\\\Octave-9.1.0\\\\mingw64\\\\share\\\\octave\\\\9.1.0\\\\m\\\\audio;C:\\\\Program Files\\\\GNU Octave\\\\Octave-9.1.0\\\\mingw64\\\\share\\\\octave\\\\9.1.0\\\\m\\\\deprecated;C:\\\\Program Files\\\\GNU Octave\\\\Octave-9.1.0\\\\mingw64\\\\share\\\\octave\\\\9.1.0\\\\m\\\\elfun;C:\\\\Program Files\\\\GNU Octave\\\\Octave-9.1.0\\\\mingw64\\\\share\\\\octave\\\\9.1.0\\\\m\\\\general;C:\\\\Program Files\\\\GNU Octave\\\\Octave-9.1.0\\\\mingw64\\\\share\\\\octave\\\\9.1.0\\\\m\\\\geometry;C:\\\\Program Files\\\\GNU Octave\\\\Octave-9.1.0\\\\mingw64\\\\share\\\\octave\\\\9.1.0\\\\m\\\\gui;C:\\\\Program Files\\\\GNU Octave\\\\Octave-9.1.0\\\\mingw64\\\\share\\\\octave\\\\9.1.0\\\\m\\\\help;C:\\\\Program Files\\\\GNU Octave\\\\Octave-9.1.0\\\\mingw64\\\\share\\\\octave\\\\9.1.0\\\\m\\\\image;C:\\\\Program Files\\\\GNU Octave\\\\Octave-9.1.0\\\\mingw64\\\\share\\\\octave\\\\9.1.0\\\\m\\\\io;C:\\\\Program Files\\\\GNU Octave\\\\Octave-9.1.0\\\\mingw64\\\\share\\\\octave\\\\9.1.0\\\\m\\\\java;C:\\\\Program Files\\\\GNU Octave\\\\Octave-9.1.0\\\\mingw64\\\\share\\\\octave\\\\9.1.0\\\\m\\\\legacy;C:\\\\Program Files\\\\GNU Octave\\\\Octave-9.1.0\\\\mingw64\\\\share\\\\octave\\\\9.1.0\\\\m\\\\linear-algebra;C:\\\\Program Files\\\\GNU Octave\\\\Octave-9.1.0\\\\mingw64\\\\share\\\\octave\\\\9.1.0\\\\m\\\\miscellaneous;C:\\\\Program Files\\\\GNU Octave\\\\Octave-9.1.0\\\\mingw64\\\\share\\\\octave\\\\9.1.0\\\\m\\\\ode;C:\\\\Program Files\\\\GNU Octave\\\\Octave-9.1.0\\\\mingw64\\\\share\\\\octave\\\\9.1.0\\\\m\\\\optimization;C:\\\\Program Files\\\\GNU Octave\\\\Octave-9.1.0\\\\mingw64\\\\share\\\\octave\\\\9.1.0\\\\m\\\\path;C:\\\\Program Files\\\\GNU Octave\\\\Octave-9.1.0\\\\mingw64\\\\share\\\\octave\\\\9.1.0\\\\m\\\\pkg;C:\\\\Program Files\\\\GNU Octave\\\\Octave-9.1.0\\\\mingw64\\\\share\\\\octave\\\\9.1.0\\\\m\\\\plot;C:\\\\Program Files\\\\GNU Octave\\\\Octave-9.1.0\\\\mingw64\\\\share\\\\octave\\\\9.1.0\\\\m\\\\plot\\\\appearance;C:\\\\Program Files\\\\GNU Octave\\\\Octave-9.1.0\\\\mingw64\\\\share\\\\octave\\\\9.1.0\\\\m\\\\plot\\\\draw;C:\\\\Program Files\\\\GNU Octave\\\\Octave-9.1.0\\\\mingw64\\\\share\\\\octave\\\\9.1.0\\\\m\\\\plot\\\\util;C:\\\\Program Files\\\\GNU Octave\\\\Octave-9.1.0\\\\mingw64\\\\share\\\\octave\\\\9.1.0\\\\m\\\\polynomial;C:\\\\Program Files\\\\GNU Octave\\\\Octave-9.1.0\\\\mingw64\\\\share\\\\octave\\\\9.1.0\\\\m\\\\prefs;C:\\\\Program Files\\\\GNU Octave\\\\Octave-9.1.0\\\\mingw64\\\\share\\\\octave\\\\9.1.0\\\\m\\\\profiler;C:\\\\Program Files\\\\GNU Octave\\\\Octave-9.1.0\\\\mingw64\\\\share\\\\octave\\\\9.1.0\\\\m\\\\set;C:\\\\Program Files\\\\GNU Octave\\\\Octave-9.1.0\\\\mingw64\\\\share\\\\octave\\\\9.1.0\\\\m\\\\signal;C:\\\\Program Files\\\\GNU Octave\\\\Octave-9.1.0\\\\mingw64\\\\share\\\\octave\\\\9.1.0\\\\m\\\\sparse;C:\\\\Program Files\\\\GNU Octave\\\\Octave-9.1.0\\\\mingw64\\\\share\\\\octave\\\\9.1.0\\\\m\\\\specfun;C:\\\\Program Files\\\\GNU Octave\\\\Octave-9.1.0\\\\mingw64\\\\share\\\\octave\\\\9.1.0\\\\m\\\\special-matrix;C:\\\\Program Files\\\\GNU Octave\\\\Octave-9.1.0\\\\mingw64\\\\share\\\\octave\\\\9.1.0\\\\m\\\\startup;C:\\\\Program Files\\\\GNU Octave\\\\Octave-9.1.0\\\\mingw64\\\\share\\\\octave\\\\9.1.0\\\\m\\\\statistics;C:\\\\Program Files\\\\GNU Octave\\\\Octave-9.1.0\\\\mingw64\\\\share\\\\octave\\\\9.1.0\\\\m\\\\strings;C:\\\\Program Files\\\\GNU Octave\\\\Octave-9.1.0\\\\mingw64\\\\share\\\\octave\\\\9.1.0\\\\m\\\\testfun;C:\\\\Program Files\\\\GNU Octave\\\\Octave-9.1.0\\\\mingw64\\\\share\\\\octave\\\\9.1.0\\\\m\\\\time;C:\\\\Program Files\\\\GNU Octave\\\\Octave-9.1.0\\\\mingw64\\\\share\\\\octave\\\\9.1.0\\\\m\\\\web;C:\\\\Program Files\\\\GNU Octave\\\\Octave-9.1.0\\\\mingw64\\\\share\\\\octave\\\\9.1.0\\\\data'"
      ]
     },
     "execution_count": 1,
     "metadata": {},
     "output_type": "execute_result"
    }
   ],
   "source": [
    "#!pip install --upgrade oct2py\n",
    "import numpy as np\n",
    "from oct2py import octave\n",
    "import matplotlib.pyplot as plt\n",
    "import os\n",
    "import pandas as pd\n",
    "octave.addpath('C:/dynare/6.1/matlab')  \n",
    "#octave.addpath('/opt/homebrew/opt/dynare/lib/dynare/matlab')"
   ]
  },
  {
   "cell_type": "code",
   "execution_count": 2,
   "id": "dd4b8edc",
   "metadata": {},
   "outputs": [],
   "source": [
    "n_goods=3"
   ]
  },
  {
   "cell_type": "code",
   "execution_count": 3,
   "id": "a9e3b82b",
   "metadata": {},
   "outputs": [],
   "source": [
    "#from MyPy import DyPy"
   ]
  },
  {
   "cell_type": "code",
   "execution_count": 4,
   "id": "f2fe4306",
   "metadata": {},
   "outputs": [],
   "source": [
    "with open('t_call.m', 'w') as file:\n",
    "    file.write(\"stoch_simul(nograph, order=1, periods=10000, irf=100);\")"
   ]
  },
  {
   "cell_type": "code",
   "execution_count": 5,
   "id": "eff43076",
   "metadata": {},
   "outputs": [],
   "source": [
    "%run make_model.ipynb\n",
    "%run make_vars.ipynb\n",
    "%run make_parameters_and_shocks.ipynb\n",
    "%run make_steady_state.ipynb\n"
   ]
  },
  {
   "cell_type": "markdown",
   "id": "4df08aa0",
   "metadata": {},
   "source": [
    "Makes a call to Octave, which makes a call to Dynare. Then the `.mod` file is run in Dynare. Output from Dynare is displayed as it runs."
   ]
  },
  {
   "cell_type": "code",
   "execution_count": 6,
   "id": "9834c245",
   "metadata": {},
   "outputs": [
    {
     "name": "stdout",
     "output_type": "stream",
     "text": [
      "warning: function C:\\dynare\\6.1\\matlab\\+identification\\display.m shadows a built-in function\n",
      "warning: function C:\\dynare\\6.1\\matlab\\+identification\\display.m shadows a built-in function\n",
      "warning: function C:\\dynare\\6.1\\matlab\\+identification\\display.m shadows a built-in function\n",
      "Starting Dynare (version 6.1).\n",
      "Calling Dynare with arguments: none\n",
      "Starting preprocessing of the model file ...\n",
      "WARNING: in the 'steady_state_model' block, variable 'k' is declared twice\n",
      "WARNING: in the 'steady_state_model' block, variable 'i' is declared twice\n",
      "WARNING: in the 'steady_state_model' block, variable 'n0' is declared twice\n",
      "WARNING: in the 'steady_state_model' block, variable 'y' is declared twice\n",
      "WARNING: in the 'steady_state_model' block, variable 'c' is declared twice\n",
      "WARNING: in the 'steady_state_model' block, variable 's0' is declared twice\n",
      "Found 12 equation(s).\n",
      "Evaluating expressions...\n",
      "Computing static model derivatives (order 1).\n",
      "Normalizing the static model...\n",
      "Finding the optimal block decomposition of the static model...\n",
      "7 block(s) found:\n",
      "  6 recursive block(s) and 1 simultaneous block(s).\n",
      "  the largest simultaneous block has 6 equation(s)\n",
      "                                 and 6 feedback variable(s).\n",
      "Computing dynamic model derivatives (order 1).\n",
      "Normalizing the dynamic model...\n",
      "Finding the optimal block decomposition of the dynamic model...\n",
      "2 block(s) found:\n",
      "  1 recursive block(s) and 1 simultaneous block(s).\n",
      "  the largest simultaneous block has 6 equation(s)\n",
      "                                 and 6 feedback variable(s).\n",
      "Preprocessing completed.\n",
      "Preprocessing time: 0h00m01s.\n",
      "\n",
      "STEADY-STATE RESULTS:\n",
      "\n",
      "c      \t\t 0.291993\n",
      "i      \t\t 0.596816\n",
      "k      \t\t 1.88737\n",
      "y      \t\t 0.660578\n",
      "n0     \t\t -0.488795\n",
      "s0     \t\t -0.488795\n",
      "theta0 \t\t 0.35\n",
      "theta1 \t\t 0.35\n",
      "theta2 \t\t 0.35\n",
      "a0     \t\t 0\n",
      "a1     \t\t 0\n",
      "a2     \t\t 0\n",
      "\n",
      "MODEL SUMMARY\n",
      "\n",
      "  Number of variables:         12\n",
      "  Number of stochastic shocks: 6\n",
      "  Number of state variables:   7\n",
      "  Number of jumpers:           4\n",
      "  Number of static variables:  2\n",
      "\n",
      "\n",
      "MATRIX OF COVARIANCE OF EXOGENOUS SHOCKS\n",
      "Variables      theta0shock  theta1shock  theta2shock      a0shock      a1shock      a2shock\n",
      "theta0shock       0.010000     0.000000     0.000000     0.000000     0.000000     0.000000\n",
      "theta1shock       0.000000     0.010000     0.000000     0.000000     0.000000     0.000000\n",
      "theta2shock       0.000000     0.000000     0.010000     0.000000     0.000000     0.000000\n",
      "a0shock           0.000000     0.000000     0.000000     0.010000     0.000000     0.000000\n",
      "a1shock           0.000000     0.000000     0.000000     0.000000     0.010000     0.000000\n",
      "a2shock           0.000000     0.000000     0.000000     0.000000     0.000000     0.010000\n",
      "\n",
      "POLICY AND TRANSITION FUNCTIONS\n",
      "                                   c               i               k               y              n0              s0          theta0          theta1          theta2              a0              a1              a2\n",
      "Constant                    0.291993        0.596816        1.887365        0.660578       -0.488795       -0.488795        0.350000        0.350000        0.350000               0               0               0\n",
      "k(-1)                       0.571959       -0.088338        0.900249        0.350000       -0.139912       -0.139912               0               0               0               0               0               0\n",
      "theta1(-1)                 -0.232404        0.311211        0.045309               0        0.691496       -0.220653               0        0.900000               0               0               0               0\n",
      "theta2(-1)                 -0.232404        0.311211        0.045309               0        0.691496       -0.220653               0               0        0.900000               0               0               0\n",
      "a0(-1)                      0.467939        0.505894        0.073652        0.585000       -0.023200       -0.023200               0               0               0        0.900000               0               0\n",
      "a1(-1)                             0               0               0               0        0.048495        0.048495               0               0               0               0        0.900000               0\n",
      "a2(-1)                             0               0               0               0        0.048495        0.048495               0               0               0               0               0        0.900000\n",
      "theta0(-1)                  0.149751        3.087863        0.449558        1.698629        0.141144        1.965441        0.900000               0               0               0               0               0\n",
      "theta0shock                -0.029118       -0.600418       -0.087414       -0.330289       -0.027445       -0.382169       -0.175000               0               0               0               0               0\n",
      "theta1shock                 0.045190       -0.060513       -0.008810               0       -0.134458        0.042905               0       -0.175000               0               0               0               0\n",
      "theta2shock                 0.045190       -0.060513       -0.008810               0       -0.134458        0.042905               0               0       -0.175000               0               0               0\n",
      "a0shock                     0.519932        0.562104        0.081836        0.650000       -0.025778       -0.025778               0               0               0        1.000000               0               0\n",
      "a1shock                            0               0               0               0        0.053883        0.053883               0               0               0               0        1.000000               0\n",
      "a2shock                            0               0               0               0        0.053883        0.053883               0               0               0               0               0        1.000000\n",
      "\n",
      "\n",
      "MOMENTS OF SIMULATED VARIABLES\n",
      "VARIABLE              MEAN       STD. DEV.        VARIANCE        SKEWNESS        KURTOSIS\n",
      "c                 0.296648        0.195561        0.038244        0.055551       -0.071701\n",
      "i                 0.603914        0.180240        0.032486       -0.013730       -0.003489\n",
      "k                 1.898911        0.192802        0.037172       -0.024292       -0.011494\n",
      "y                 0.667464        0.215138        0.046284        0.022143       -0.029801\n",
      "n0               -0.488014        0.052097        0.002714        0.075890       -0.050687\n",
      "s0               -0.486870        0.085066        0.007236        0.039675       -0.110507\n",
      "theta0            0.352423        0.040977        0.001679       -0.016681       -0.053465\n",
      "theta1            0.351393        0.041081        0.001688       -0.020921       -0.011152\n",
      "theta2            0.352324        0.039651        0.001572       -0.073446       -0.039574\n",
      "a0               -0.002642        0.232406        0.054012        0.030458        0.051037\n",
      "a1               -0.010897        0.234294        0.054894       -0.009095       -0.124439\n",
      "a2               -0.006041        0.234860        0.055159       -0.067747       -0.013317\n",
      "\n",
      "\n",
      "CORRELATION OF SIMULATED VARIABLES\n",
      "VARIABLE          c        i        k        y       n0       s0   theta0   theta1   theta2       a0       a1       a2\n",
      "c            1.0000   0.7669   0.8587   0.9607  -0.4905   0.0074   0.3010  -0.0073  -0.0220   0.8450   0.0429   0.0173\n",
      "i            0.7669   1.0000   0.6794   0.9150  -0.1968   0.5065   0.7160   0.0785   0.0714   0.6707   0.0485  -0.0038\n",
      "k            0.8587   0.6794   1.0000   0.8339  -0.4053   0.2289   0.5496   0.0659   0.0577   0.4623   0.0588   0.0279\n",
      "y            0.9607   0.9150   0.8339   1.0000  -0.3936   0.2239   0.4991   0.0294   0.0171   0.8216   0.0479   0.0092\n",
      "n0          -0.4905  -0.1968  -0.4053  -0.3936   1.0000  -0.0429  -0.1227   0.5563   0.5574  -0.3125   0.1950   0.2236\n",
      "s0           0.0074   0.5065   0.2289   0.2239  -0.0429   1.0000   0.9077  -0.1601  -0.1305  -0.2241   0.2026   0.1410\n",
      "theta0       0.3010   0.7160   0.5496   0.4991  -0.1227   0.9077   1.0000  -0.0126  -0.0004  -0.0224   0.0642   0.0006\n",
      "theta1      -0.0073   0.0785   0.0659   0.0294   0.5563  -0.1601  -0.0126   1.0000  -0.0020   0.0213  -0.0215  -0.0322\n",
      "theta2      -0.0220   0.0714   0.0577   0.0171   0.5574  -0.1305  -0.0004  -0.0020   1.0000   0.0011  -0.0212   0.0261\n",
      "a0           0.8450   0.6707   0.4623   0.8216  -0.3125  -0.2241  -0.0224   0.0213   0.0011   1.0000   0.0099  -0.0011\n",
      "a1           0.0429   0.0485   0.0588   0.0479   0.1950   0.2026   0.0642  -0.0215  -0.0212   0.0099   1.0000   0.0036\n",
      "a2           0.0173  -0.0038   0.0279   0.0092   0.2236   0.1410   0.0006  -0.0322   0.0261  -0.0011   0.0036   1.0000\n",
      "\n",
      "\n",
      "AUTOCORRELATION OF SIMULATED VARIABLES\n",
      "VARIABLE         1       2       3       4       5\n",
      "c           0.9618  0.9205  0.8760  0.8294  0.7833\n",
      "i           0.8872  0.7831  0.6865  0.5984  0.5239\n",
      "k           0.9939  0.9781  0.9546  0.9250  0.8910\n",
      "y           0.9401  0.8806  0.8209  0.7621  0.7077\n",
      "n0          0.9139  0.8338  0.7571  0.6836  0.6187\n",
      "s0          0.8830  0.7792  0.6863  0.6020  0.5302\n",
      "theta0      0.9029  0.8135  0.7317  0.6561  0.5913\n",
      "theta1      0.9036  0.8147  0.7321  0.6564  0.5891\n",
      "theta2      0.9019  0.8147  0.7359  0.6658  0.6049\n",
      "a0          0.9024  0.8150  0.7330  0.6568  0.5902\n",
      "a1          0.9006  0.8106  0.7285  0.6531  0.5857\n",
      "a2          0.9057  0.8201  0.7393  0.6655  0.6013\n",
      "\n",
      "\n",
      "\n",
      "VARIANCE DECOMPOSITION SIMULATING ONE SHOCK AT A TIME (in percent)\n",
      "               theta0shock       theta1shock       theta2shock           a0shock           a1shock           a2shock  Tot. lin. contr.\n",
      "c                    20.32              0.17              0.15             85.76              0.00              0.00            106.40\n",
      "i                    53.86              0.55              0.51             46.64              0.00              0.00            101.56\n",
      "k                    57.24              0.59              0.56             48.38              0.00              0.00            106.77\n",
      "y                    30.03              0.06              0.05             74.42              0.00              0.00            104.56\n",
      "n0                   10.37             33.63             31.27             19.79              5.87              5.90            106.83\n",
      "s0                   82.49              1.85              1.73              7.42              2.20              2.21             97.91\n",
      "theta0              100.01              0.00              0.00              0.00              0.00              0.00            100.01\n",
      "theta1                0.00            100.01              0.00              0.00              0.00              0.00            100.01\n",
      "theta2                0.00              0.00            100.01              0.00              0.00              0.00            100.01\n",
      "a0                    0.00              0.00              0.00            100.01              0.00              0.00            100.01\n",
      "a1                    0.00              0.00              0.00              0.00            100.01              0.00            100.01\n",
      "a2                    0.00              0.00              0.00              0.00              0.00            100.01            100.01\n",
      "Note: numbers do not add up to 100 due to non-zero correlation of simulated shocks in small samples\n",
      "\n",
      "Total computing time : 0h00m03s\n",
      "Note: 6 warning(s) encountered in the preprocessor\n",
      "warning: load: classdef element has been converted to a struct\n",
      "warning: called from\n",
      "    _pyeval at line 28 column 9\n",
      "\n",
      "warning: load: classdef element has been converted to a struct\n",
      "warning: called from\n",
      "    _pyeval at line 28 column 9\n",
      "\n"
     ]
    }
   ],
   "source": [
    "octave.dynare('model_1.mod')\n",
    "oo = octave.pull('oo_')\n",
    "mm = octave.pull('M_')"
   ]
  },
  {
   "cell_type": "code",
   "execution_count": 7,
   "id": "90c84ba3",
   "metadata": {},
   "outputs": [],
   "source": [
    "names1 = [attr for attr in dir(oo) if not attr.startswith('__')]"
   ]
  },
  {
   "cell_type": "markdown",
   "id": "b7cf3a5b",
   "metadata": {},
   "source": [
    "Now we want to create a class where each each attribute in oo becomes an attribute of this class. So far we take only one item from mm. This is a list of endogenous variables. Below we define the class. "
   ]
  },
  {
   "cell_type": "code",
   "execution_count": 8,
   "id": "5fa6cb99",
   "metadata": {},
   "outputs": [],
   "source": [
    "class from_octave:\n",
    "\tdef __init__(self, oo_structure, mm_structure, attribute_names):\n",
    "\t\tself.oo_structure = oo_structure\n",
    "\t\tself.mm_structure = mm_structure\n",
    "\t\tself. attribute_names =  attribute_names\n",
    "\t\tself.create_attributes()\n",
    "\t\tself.make_list()\n",
    "     \n",
    "\tdef create_attributes(self): \n",
    "\t\tfor attr in self.attribute_names:\n",
    "\t\t\tsetattr(self, attr, getattr(self.oo_structure, attr)) #this is the attributes we pull from the oo structure. We are making them attributes of the class\n",
    "\t\n",
    "\tdef make_list(self): \n",
    "\t\tself.names = list(getattr(self.mm_structure, 'endo_names')) #getting one item from the mm structure. This is the endo_names\n",
    "\t\tself.names = [item[0] for item in self.names] #pulling mm gives us a list of cell arrays. We are pulling the first item from each cell array"
   ]
  },
  {
   "cell_type": "markdown",
   "id": "23f0db67",
   "metadata": {},
   "source": [
    "We see that we now can reference any of the data from `oo` with the `tt.` notation. Some examples are below. "
   ]
  },
  {
   "cell_type": "code",
   "execution_count": 9,
   "id": "27969a0b",
   "metadata": {},
   "outputs": [],
   "source": [
    "tt = from_octave(oo, mm, names1)"
   ]
  },
  {
   "cell_type": "code",
   "execution_count": 10,
   "id": "199b9529",
   "metadata": {},
   "outputs": [
    {
     "data": {
      "text/plain": [
       "array([[ 3.82441173e-02,  2.70324425e-02,  3.23760604e-02,\n",
       "         4.04176287e-02, -4.99723515e-03,  1.23850252e-04,\n",
       "         2.41174117e-03, -5.89811165e-05, -1.70414960e-04,\n",
       "         3.84067991e-02,  1.96363991e-03,  7.95008611e-04],\n",
       "       [ 2.70324425e-02,  3.24863791e-02,  2.36110216e-02,\n",
       "         3.54796154e-02, -1.84767265e-03,  7.76521036e-03,\n",
       "         5.28814959e-03,  5.81264743e-04,  5.10184001e-04,\n",
       "         2.80947911e-02,  2.04945744e-03, -1.61089308e-04],\n",
       "       [ 3.23760604e-02,  2.36110216e-02,  3.71724721e-02,\n",
       "         3.45912741e-02, -4.07107786e-03,  3.75384803e-03,\n",
       "         4.34187529e-03,  5.22061719e-04,  4.40981993e-04,\n",
       "         2.07165766e-02,  2.65453533e-03,  1.26431215e-03],\n",
       "       [ 4.04176287e-02,  3.54796154e-02,  3.45912741e-02,\n",
       "         4.62844846e-02, -4.41107200e-03,  4.09680954e-03,\n",
       "         4.39984048e-03,  2.59455904e-04,  1.45658733e-04,\n",
       "         4.10789168e-02,  2.41692776e-03,  4.66706524e-04],\n",
       "       [-4.99723515e-03, -1.84767265e-03, -4.07107786e-03,\n",
       "        -4.41107200e-03,  2.71409027e-03, -1.90290287e-04,\n",
       "        -2.61858652e-04,  1.19060684e-03,  1.15137340e-03,\n",
       "        -3.78383477e-03,  2.37972374e-03,  2.73560726e-03],\n",
       "       [ 1.23850252e-04,  7.76521036e-03,  3.75384803e-03,\n",
       "         4.09680954e-03, -1.90290287e-04,  7.23624864e-03,\n",
       "         3.16398504e-03, -5.59530936e-04, -4.40124950e-04,\n",
       "        -4.43126059e-03,  4.03774777e-03,  2.81612753e-03],\n",
       "       [ 2.41174117e-03,  5.28814959e-03,  4.34187529e-03,\n",
       "         4.39984048e-03, -2.61858652e-04,  3.16398504e-03,\n",
       "         1.67913484e-03, -2.12454081e-05, -7.00299077e-07,\n",
       "        -2.13014784e-04,  6.15966090e-04,  5.71388981e-06],\n",
       "       [-5.89811165e-05,  5.81264743e-04,  5.22061719e-04,\n",
       "         2.59455904e-04,  1.19060684e-03, -5.59530936e-04,\n",
       "        -2.12454081e-05,  1.68763981e-03, -3.30267705e-06,\n",
       "         2.02895614e-04, -2.07296679e-04, -3.11033147e-04],\n",
       "       [-1.70414960e-04,  5.10184001e-04,  4.40981993e-04,\n",
       "         1.45658733e-04,  1.15137340e-03, -4.40124950e-04,\n",
       "        -7.00299077e-07, -3.30267705e-06,  1.57220349e-03,\n",
       "         9.87766958e-06, -1.96712201e-04,  2.43013093e-04],\n",
       "       [ 3.84067991e-02,  2.80947911e-02,  2.07165766e-02,\n",
       "         4.10789168e-02, -3.78383477e-03, -4.43126059e-03,\n",
       "        -2.13014784e-04,  2.02895614e-04,  9.87766958e-06,\n",
       "         5.40123182e-02,  5.40380064e-04, -5.79765270e-05],\n",
       "       [ 1.96363991e-03,  2.04945744e-03,  2.65453533e-03,\n",
       "         2.41692776e-03,  2.37972374e-03,  4.03774777e-03,\n",
       "         6.15966090e-04, -2.07296679e-04, -1.96712201e-04,\n",
       "         5.40380064e-04,  5.48937193e-02,  1.97400136e-04],\n",
       "       [ 7.95008611e-04, -1.61089308e-04,  1.26431215e-03,\n",
       "         4.66706524e-04,  2.73560726e-03,  2.81612753e-03,\n",
       "         5.71388981e-06, -3.11033147e-04,  2.43013093e-04,\n",
       "        -5.79765270e-05,  1.97400136e-04,  5.51592511e-02]])"
      ]
     },
     "execution_count": 10,
     "metadata": {},
     "output_type": "execute_result"
    }
   ],
   "source": [
    "tt.var"
   ]
  },
  {
   "cell_type": "code",
   "execution_count": 11,
   "id": "b29875e6",
   "metadata": {},
   "outputs": [
    {
     "data": {
      "text/plain": [
       "array([[ 0.29199347],\n",
       "       [ 0.59681646],\n",
       "       [ 1.88736536],\n",
       "       [ 0.66057787],\n",
       "       [-0.4887948 ],\n",
       "       [-0.4887948 ],\n",
       "       [ 0.35      ],\n",
       "       [ 0.35      ],\n",
       "       [ 0.35      ],\n",
       "       [ 0.        ],\n",
       "       [ 0.        ],\n",
       "       [ 0.        ]])"
      ]
     },
     "execution_count": 11,
     "metadata": {},
     "output_type": "execute_result"
    }
   ],
   "source": [
    "tt.steady_state"
   ]
  },
  {
   "cell_type": "code",
   "execution_count": 12,
   "id": "46534650",
   "metadata": {},
   "outputs": [
    {
     "data": {
      "text/plain": [
       "{'c_theta0shock': array([[-2.91181890e-03, -7.62035819e-03, -1.13593179e-02,\n",
       "         -1.42754042e-02, -1.64956903e-02, -1.81300746e-02,\n",
       "         -1.92734439e-02, -2.00075756e-02, -2.04028100e-02,\n",
       "         -2.05195192e-02, -2.04093961e-02, -2.01165867e-02,\n",
       "         -1.96786809e-02, -1.91275828e-02, -1.84902708e-02,\n",
       "         -1.77894632e-02, -1.70442008e-02, -1.62703539e-02,\n",
       "         -1.54810664e-02, -1.46871417e-02, -1.38973793e-02,\n",
       "         -1.31188673e-02, -1.23572362e-02, -1.16168799e-02,\n",
       "         -1.09011459e-02, -1.02125012e-02, -9.55267399e-03,\n",
       "         -8.92277734e-03, -8.32341440e-03, -7.75476931e-03,\n",
       "         -7.21668482e-03, -6.70872873e-03, -6.23025029e-03,\n",
       "         -5.78042821e-03, -5.35831123e-03, -4.96285224e-03,\n",
       "         -4.59293692e-03, -4.24740766e-03, -3.92508324e-03,\n",
       "         -3.62477516e-03, -3.34530085e-03, -3.08549435e-03,\n",
       "         -2.84421476e-03, -2.62035292e-03, -2.41283640e-03,\n",
       "         -2.22063325e-03, -2.04275460e-03, -1.87825636e-03,\n",
       "         -1.72624014e-03, -1.58585353e-03, -1.45628988e-03,\n",
       "         -1.33678765e-03, -1.22662949e-03, -1.12514095e-03,\n",
       "         -1.03168910e-03, -9.45680959e-04, -8.66561837e-04,\n",
       "         -7.93813581e-04, -7.26952825e-04, -6.65529206e-04,\n",
       "         -6.09123593e-04, -5.57346340e-04, -5.09835579e-04,\n",
       "         -4.66255558e-04, -4.26295030e-04, -3.89665714e-04,\n",
       "         -3.56100807e-04, -3.25353571e-04, -2.97195987e-04,\n",
       "         -2.71417475e-04, -2.47823688e-04, -2.26235368e-04,\n",
       "         -2.06487272e-04, -1.88427158e-04, -1.71914839e-04,\n",
       "         -1.56821294e-04, -1.43027832e-04, -1.30425321e-04,\n",
       "         -1.18913457e-04, -1.08400095e-04, -9.88006140e-05,\n",
       "         -9.00373376e-05, -8.20389887e-05, -7.47401869e-05,\n",
       "         -6.80809812e-05, -6.20064179e-05, -5.64661403e-05,\n",
       "         -5.14140187e-05, -4.68078083e-05, -4.26088331e-05,\n",
       "         -3.87816951e-05, -3.52940044e-05, -3.21161323e-05,\n",
       "         -2.92209822e-05, -2.65837797e-05, -2.41818789e-05,\n",
       "         -2.19945844e-05, -2.00029876e-05, -1.81898161e-05,\n",
       "         -1.65392957e-05]]),\n",
       " 'i_theta0shock': array([[-6.00417897e-02, -5.32654113e-02, -4.72436982e-02,\n",
       "         -4.18935003e-02, -3.71407489e-02, -3.29194724e-02,\n",
       "         -2.91709172e-02, -2.58427646e-02, -2.28884307e-02,\n",
       "         -2.02664438e-02, -1.79398869e-02, -1.58759021e-02,\n",
       "         -1.40452481e-02, -1.24219053e-02, -1.09827241e-02,\n",
       "         -9.70711087e-03, -8.57674887e-03, -7.57534835e-03,\n",
       "         -6.68842462e-03, -5.90309989e-03, -5.20792682e-03,\n",
       "         -4.59273123e-03, -4.04847195e-03, -3.56711602e-03,\n",
       "         -3.14152749e-03, -2.76536833e-03, -2.43301027e-03,\n",
       "         -2.13945622e-03, -1.88027035e-03, -1.65151581e-03,\n",
       "         -1.44969932e-03, -1.27172184e-03, -1.11483462e-03,\n",
       "         -9.76600225e-04, -8.54857692e-04, -7.47691659e-04,\n",
       "         -6.53404851e-04, -5.70493621e-04, -4.97626209e-04,\n",
       "         -4.33623399e-04, -3.77441339e-04, -3.28156261e-04,\n",
       "         -2.84950908e-04, -2.47102472e-04, -2.13971883e-04,\n",
       "         -1.84994288e-04, -1.59670603e-04, -1.37560010e-04,\n",
       "         -1.18273299e-04, -1.01466951e-04, -8.68378978e-05,\n",
       "         -7.41188685e-05, -6.30742601e-05, -5.34964790e-05,\n",
       "         -4.52026962e-05, -3.80319712e-05, -3.18427034e-05,\n",
       "         -2.65103746e-05, -2.19255490e-05, -1.79921027e-05,\n",
       "         -1.46256561e-05, -1.17521871e-05, -9.30680353e-06,\n",
       "         -7.23265817e-06, -5.47998877e-06, -4.00527002e-06,\n",
       "         -2.77046410e-06, -1.74235867e-06, -8.91982435e-07,\n",
       "         -1.94089293e-07,  3.73296798e-07,  8.29283180e-07,\n",
       "          1.19046231e-06,  1.47122350e-06,  1.68402750e-06,\n",
       "          1.83964820e-06,  1.94738527e-06,  2.01525117e-06,\n",
       "          2.05013550e-06,  2.05794940e-06,  2.04375222e-06,\n",
       "          2.01186275e-06,  1.96595665e-06,  1.90915186e-06,\n",
       "          1.84408331e-06,  1.77296833e-06,  1.69766376e-06,\n",
       "          1.61971584e-06,  1.54040377e-06,  1.46077755e-06,\n",
       "          1.38169110e-06,  1.30383086e-06,  1.22774079e-06,\n",
       "          1.15384397e-06,  1.08246128e-06,  1.01382767e-06,\n",
       "          9.48106036e-07,  8.85399347e-07,  8.25760938e-07,\n",
       "          7.69203423e-07]]),\n",
       " 'k_theta0shock': array([[-8.74139862e-03, -1.57366968e-02, -2.12474834e-02,\n",
       "         -2.55005118e-02, -2.86920498e-02, -3.09917065e-02,\n",
       "         -3.25458000e-02, -3.34803179e-02, -3.39035185e-02,\n",
       "         -3.39082161e-02, -3.35737854e-02, -3.29679206e-02,\n",
       "         -3.21481769e-02, -3.11633204e-02, -3.00545093e-02,\n",
       "         -2.88563277e-02, -2.75976879e-02, -2.63026184e-02,\n",
       "         -2.49909511e-02, -2.36789198e-02, -2.23796812e-02,\n",
       "         -2.11037676e-02, -1.98594797e-02, -1.86532276e-02,\n",
       "         -1.74898256e-02, -1.63727467e-02, -1.53043428e-02,\n",
       "         -1.42860341e-02, -1.33184713e-02, -1.24016758e-02,\n",
       "         -1.15351581e-02, -1.07180203e-02, -9.94904236e-03,\n",
       "         -9.22675531e-03, -8.54950321e-03, -7.91549517e-03,\n",
       "         -7.32284878e-03, -6.76962631e-03, -6.25386449e-03,\n",
       "         -5.77359896e-03, -5.32688407e-03, -4.91180873e-03,\n",
       "         -4.52650895e-03, -4.16917743e-03, -3.83807089e-03,\n",
       "         -3.53151528e-03, -3.24790934e-03, -2.98572678e-03,\n",
       "         -2.74351724e-03, -2.51990640e-03, -2.31359520e-03,\n",
       "         -2.12335856e-03, -1.94804356e-03, -1.78656719e-03,\n",
       "         -1.63791398e-03, -1.50113321e-03, -1.37533620e-03,\n",
       "         -1.25969331e-03, -1.15343110e-03, -1.05582931e-03,\n",
       "         -9.66217992e-04, -8.83974626e-04, -8.08521337e-04,\n",
       "         -7.39322187e-04, -6.75880559e-04, -6.17736650e-04,\n",
       "         -5.64465072e-04, -5.15672563e-04, -4.70995812e-04,\n",
       "         -4.30099405e-04, -3.92673867e-04, -3.58433835e-04,\n",
       "         -3.27116324e-04, -2.98479105e-04, -2.72299183e-04,\n",
       "         -2.48371368e-04, -2.26506948e-04, -2.06532439e-04,\n",
       "         -1.88288430e-04, -1.71628499e-04, -1.56418210e-04,\n",
       "         -1.42534181e-04, -1.29863214e-04, -1.18301493e-04,\n",
       "         -1.07753839e-04, -9.81330212e-05, -8.93591162e-05,\n",
       "         -8.13589210e-05, -7.40654070e-05, -6.74172166e-05,\n",
       "         -6.13581993e-05, -5.58369835e-05, -5.08065821e-05,\n",
       "         -4.62240290e-05, -4.20500450e-05, -3.82487292e-05,\n",
       "         -3.47872768e-05, -3.16357182e-05, -2.87666801e-05,\n",
       "         -2.61551659e-05]]),\n",
       " 'y_theta0shock': array([[-3.30288937e-02, -3.27854939e-02, -3.22612478e-02,\n",
       "         -3.15146827e-02, -3.05954363e-02, -2.95454489e-02,\n",
       "         -2.84000056e-02, -2.71886475e-02, -2.59359670e-02,\n",
       "         -2.46623017e-02, -2.33843388e-02, -2.21156417e-02,\n",
       "         -2.08671074e-02, -1.96473636e-02, -1.84631136e-02,\n",
       "         -1.73194346e-02, -1.62200354e-02, -1.51674794e-02,\n",
       "         -1.41633762e-02, -1.32085467e-02, -1.23031643e-02,\n",
       "         -1.14468766e-02, -1.06389080e-02, -9.87814831e-03,\n",
       "         -9.16322705e-03, -8.49257659e-03, -7.86448520e-03,\n",
       "         -7.27714147e-03, -6.72867126e-03, -6.21716837e-03,\n",
       "         -5.74071958e-03, -5.29742508e-03, -4.88541488e-03,\n",
       "         -4.50286183e-03, -4.14799166e-03, -3.81909070e-03,\n",
       "         -3.51451142e-03, -3.23267638e-03, -2.97208058e-03,\n",
       "         -2.73129281e-03, -2.50895585e-03, -2.30378601e-03,\n",
       "         -2.11457199e-03, -1.94017317e-03, -1.77951764e-03,\n",
       "         -1.63159979e-03, -1.49547783e-03, -1.37027101e-03,\n",
       "         -1.25515683e-03, -1.14936825e-03, -1.05219073e-03,\n",
       "         -9.62959463e-04, -8.81056527e-04, -8.05908171e-04,\n",
       "         -7.36982152e-04, -6.73785163e-04, -6.15860368e-04,\n",
       "         -5.62785038e-04, -5.14168292e-04, -4.69648954e-04,\n",
       "         -4.28893521e-04, -3.91594233e-04, -3.57467261e-04,\n",
       "         -3.26250996e-04, -2.97704441e-04, -2.71605704e-04,\n",
       "         -2.47750585e-04, -2.25951257e-04, -2.06035030e-04,\n",
       "         -1.87843204e-04, -1.71229995e-04, -1.56061536e-04,\n",
       "         -1.42214957e-04, -1.29577516e-04, -1.18045809e-04,\n",
       "         -1.07525024e-04, -9.79282581e-05, -8.91758831e-05,\n",
       "         -8.11949599e-05, -7.39186960e-05, -6.72859456e-05,\n",
       "         -6.12407475e-05, -5.57319000e-05, -5.07125678e-05,\n",
       "         -4.61399212e-05, -4.19748025e-05, -3.81814203e-05,\n",
       "         -3.47270672e-05, -3.15818613e-05, -2.87185075e-05,\n",
       "         -2.61120794e-05, -2.37398179e-05, -2.15809476e-05,\n",
       "         -1.96165067e-05, -1.78291929e-05, -1.62032202e-05,\n",
       "         -1.47241892e-05, -1.33789675e-05, -1.21555799e-05,\n",
       "         -1.10431087e-05]]),\n",
       " 'n0_theta0shock': array([[-2.74445999e-03, -1.24698870e-03, -2.12621647e-05,\n",
       "          9.72063451e-04,  1.76718368e-03,  2.39378170e-03,\n",
       "          2.87758855e-03,  3.24087651e-03,  3.50289330e-03,\n",
       "          3.68024410e-03,  3.78722734e-03,  3.83612992e-03,\n",
       "          3.83748633e-03,  3.80030612e-03,  3.73227350e-03,\n",
       "          3.63992213e-03,  3.52878832e-03,  3.40354509e-03,\n",
       "          3.26811938e-03,  3.12579445e-03,  2.97929930e-03,\n",
       "          2.83088665e-03,  2.68240081e-03,  2.53533683e-03,\n",
       "          2.39089185e-03,  2.25000969e-03,  2.11341953e-03,\n",
       "          1.98166935e-03,  1.85515485e-03,  1.73414442e-03,\n",
       "          1.61880061e-03,  1.50919859e-03,  1.40534201e-03,\n",
       "          1.30717649e-03,  1.21460122e-03,  1.12747874e-03,\n",
       "          1.04564331e-03,  9.68907886e-04,  8.97070051e-04,\n",
       "          8.29916949e-04,  7.67229391e-04,  7.08785237e-04,\n",
       "          6.54362176e-04,  6.03739978e-04,  5.56702291e-04,\n",
       "          5.13038067e-04,  4.72542658e-04,  4.35018644e-04,\n",
       "          4.00276433e-04,  3.68134661e-04,  3.38420445e-04,\n",
       "          3.10969496e-04,  2.85626125e-04,  2.62243169e-04,\n",
       "          2.40681833e-04,  2.20811496e-04,  2.02509454e-04,\n",
       "          1.85660648e-04,  1.70157356e-04,  1.55898880e-04,\n",
       "          1.42791213e-04,  1.30746710e-04,  1.19683752e-04,\n",
       "          1.09526420e-04,  1.00204169e-04,  9.16515099e-05,\n",
       "          8.38077070e-05,  7.66164790e-05,  7.00257161e-05,\n",
       "          6.39872080e-05,  5.84563847e-05,  5.33920704e-05,\n",
       "          4.87562498e-05,  4.45138480e-05,  4.06325220e-05,\n",
       "          3.70824648e-05,  3.38362218e-05,  3.08685179e-05,\n",
       "          2.81560962e-05,  2.56775671e-05,  2.34132669e-05,\n",
       "          2.13451267e-05,  1.94565499e-05,  1.77322986e-05,\n",
       "          1.61583872e-05,  1.47219848e-05,  1.34113238e-05,\n",
       "          1.22156154e-05,  1.11249717e-05,  1.01303332e-05,\n",
       "          9.22340207e-06,  8.39658029e-06,  7.64291266e-06,\n",
       "          6.95603419e-06,  6.33012159e-06,  5.75984855e-06,\n",
       "          5.24034453e-06,  4.76715692e-06,  4.33621606e-06,\n",
       "          3.94380321e-06]]),\n",
       " 's0_theta0shock': array([[-3.82169123e-02, -3.31721958e-02, -2.87539486e-02,\n",
       "         -2.48873543e-02, -2.15062923e-02, -1.85523467e-02,\n",
       "         -1.59739270e-02, -1.37254875e-02, -1.17668343e-02,\n",
