Starting Dynare (version 6.1).
Calling Dynare with arguments: none
Preprocessing time: 0h00m01s.

STEADY-STATE RESULTS:

c      		 0.291993
i      		 0.596816
k      		 1.88737
y      		 0.660578
n0     		 -0.488795
s0     		 -0.488795
theta0 		 0.35
theta1 		 0.35
theta2 		 0.35
a0     		 0
a1     		 0
a2     		 0

MODEL SUMMARY

  Number of variables:         12
  Number of stochastic shocks: 6
  Number of state variables:   7
  Number of jumpers:           4
  Number of static variables:  2


MATRIX OF COVARIANCE OF EXOGENOUS SHOCKS
Variables      theta0shock  theta1shock  theta2shock      a0shock      a1shock      a2shock
theta0shock       0.010000     0.000000     0.000000     0.000000     0.000000     0.000000
theta1shock       0.000000     0.010000     0.000000     0.000000     0.000000     0.000000
theta2shock       0.000000     0.000000     0.010000     0.000000     0.000000     0.000000
a0shock           0.000000     0.000000     0.000000     0.010000     0.000000     0.000000
a1shock           0.000000     0.000000     0.000000     0.000000     0.010000     0.000000
a2shock           0.000000     0.000000     0.000000     0.000000     0.000000     0.010000

POLICY AND TRANSITION FUNCTIONS
                                   c               i               k               y              n0              s0          theta0          theta1          theta2              a0              a1              a2
Constant                    0.291993        0.596816        1.887365        0.660578       -0.488795       -0.488795        0.350000        0.350000        0.350000               0               0               0
k(-1)                       0.571959       -0.088338        0.900249        0.350000       -0.139912       -0.139912               0               0               0               0               0               0
theta1(-1)                 -0.232404        0.311211        0.045309               0        0.691496       -0.220653               0        0.900000               0               0               0               0
theta2(-1)                 -0.232404        0.311211        0.045309               0        0.691496       -0.220653               0               0        0.900000               0               0               0
a0(-1)                      0.467939        0.505894        0.073652        0.585000       -0.023200       -0.023200               0               0               0        0.900000               0               0
a1(-1)                             0               0               0               0        0.048495        0.048495               0               0               0               0        0.900000               0
a2(-1)                             0               0               0               0        0.048495        0.048495               0               0               0               0               0        0.900000
theta0(-1)                  0.149751        3.087863        0.449558        1.698629        0.141144        1.965441        0.900000               0               0               0               0               0
theta0shock                -0.029118       -0.600418       -0.087414       -0.330289       -0.027445       -0.382169       -0.175000               0               0               0               0               0
theta1shock                 0.045190       -0.060513       -0.008810               0       -0.134458        0.042905               0       -0.175000               0               0               0               0
theta2shock                 0.045190       -0.060513       -0.008810               0       -0.134458        0.042905               0               0       -0.175000               0               0               0
a0shock                     0.519932        0.562104        0.081836        0.650000       -0.025778       -0.025778               0               0               0        1.000000               0               0
a1shock                            0               0               0               0        0.053883        0.053883               0               0               0               0        1.000000               0
a2shock                            0               0               0               0        0.053883        0.053883               0               0               0               0               0        1.000000


MOMENTS OF SIMULATED VARIABLES
VARIABLE              MEAN       STD. DEV.        VARIANCE        SKEWNESS        KURTOSIS
c                 0.296648        0.195561        0.038244        0.055551       -0.071701
i                 0.603914        0.180240        0.032486       -0.013730       -0.003489
k                 1.898911        0.192802        0.037172       -0.024292       -0.011494
y                 0.667464        0.215138        0.046284        0.022143       -0.029801
n0               -0.488014        0.052097        0.002714        0.075890       -0.050687
s0               -0.486870        0.085066        0.007236        0.039675       -0.110507
theta0            0.352423        0.040977        0.001679       -0.016681       -0.053465
theta1            0.351393        0.041081        0.001688       -0.020921       -0.011152
theta2            0.352324        0.039651        0.001572       -0.073446       -0.039574
a0               -0.002642        0.232406        0.054012        0.030458        0.051037
a1               -0.010897        0.234294        0.054894       -0.009095       -0.124439
a2               -0.006041        0.234860        0.055159       -0.067747       -0.013317


CORRELATION OF SIMULATED VARIABLES
VARIABLE          c        i        k        y       n0       s0   theta0   theta1   theta2       a0       a1       a2
c            1.0000   0.7669   0.8587   0.9607  -0.4905   0.0074   0.3010  -0.0073  -0.0220   0.8450   0.0429   0.0173
i            0.7669   1.0000   0.6794   0.9150  -0.1968   0.5065   0.7160   0.0785   0.0714   0.6707   0.0485  -0.0038
k            0.8587   0.6794   1.0000   0.8339  -0.4053   0.2289   0.5496   0.0659   0.0577   0.4623   0.0588   0.0279
y            0.9607   0.9150   0.8339   1.0000  -0.3936   0.2239   0.4991   0.0294   0.0171   0.8216   0.0479   0.0092
n0          -0.4905  -0.1968  -0.4053  -0.3936   1.0000  -0.0429  -0.1227   0.5563   0.5574  -0.3125   0.1950   0.2236
s0           0.0074   0.5065   0.2289   0.2239  -0.0429   1.0000   0.9077  -0.1601  -0.1305  -0.2241   0.2026   0.1410
theta0       0.3010   0.7160   0.5496   0.4991  -0.1227   0.9077   1.0000  -0.0126  -0.0004  -0.0224   0.0642   0.0006
theta1      -0.0073   0.0785   0.0659   0.0294   0.5563  -0.1601  -0.0126   1.0000  -0.0020   0.0213  -0.0215  -0.0322
theta2      -0.0220   0.0714   0.0577   0.0171   0.5574  -0.1305  -0.0004  -0.0020   1.0000   0.0011  -0.0212   0.0261
a0           0.8450   0.6707   0.4623   0.8216  -0.3125  -0.2241  -0.0224   0.0213   0.0011   1.0000   0.0099  -0.0011
a1           0.0429   0.0485   0.0588   0.0479   0.1950   0.2026   0.0642  -0.0215  -0.0212   0.0099   1.0000   0.0036
a2           0.0173  -0.0038   0.0279   0.0092   0.2236   0.1410   0.0006  -0.0322   0.0261  -0.0011   0.0036   1.0000


AUTOCORRELATION OF SIMULATED VARIABLES
VARIABLE         1       2       3       4       5
c           0.9618  0.9205  0.8760  0.8294  0.7833
i           0.8872  0.7831  0.6865  0.5984  0.5239
k           0.9939  0.9781  0.9546  0.9250  0.8910
y           0.9401  0.8806  0.8209  0.7621  0.7077
n0          0.9139  0.8338  0.7571  0.6836  0.6187
s0          0.8830  0.7792  0.6863  0.6020  0.5302
theta0      0.9029  0.8135  0.7317  0.6561  0.5913
theta1      0.9036  0.8147  0.7321  0.6564  0.5891
theta2      0.9019  0.8147  0.7359  0.6658  0.6049
a0          0.9024  0.8150  0.7330  0.6568  0.5902
a1          0.9006  0.8106  0.7285  0.6531  0.5857
a2          0.9057  0.8201  0.7393  0.6655  0.6013



VARIANCE DECOMPOSITION SIMULATING ONE SHOCK AT A TIME (in percent)
               theta0shock       theta1shock       theta2shock           a0shock           a1shock           a2shock  Tot. lin. contr.
c                    20.32              0.17              0.15             85.76              0.00              0.00            106.40
i                    53.86              0.55              0.51             46.64              0.00              0.00            101.56
k                    57.24              0.59              0.56             48.38              0.00              0.00            106.77
y                    30.03              0.06              0.05             74.42              0.00              0.00            104.56
n0                   10.37             33.63             31.27             19.79              5.87              5.90            106.83
s0                   82.49              1.85              1.73              7.42              2.20              2.21             97.91
theta0              100.01              0.00              0.00              0.00              0.00              0.00            100.01
theta1                0.00            100.01              0.00              0.00              0.00              0.00            100.01
theta2                0.00              0.00            100.01              0.00              0.00              0.00            100.01
a0                    0.00              0.00              0.00            100.01              0.00              0.00            100.01
a1                    0.00              0.00              0.00              0.00            100.01              0.00            100.01
a2                    0.00              0.00              0.00              0.00              0.00            100.01            100.01
Note: numbers do not add up to 100 due to non-zero correlation of simulated shocks in small samples

Total computing time : 0h00m03s
Note: 6 warning(s) encountered in the preprocessor
