Starting Dynare (version 6.1).
Calling Dynare with arguments: none
Preprocessing time: 0h00m00s.

STEADY-STATE RESULTS:

c      		 0.186403
i      		 0.358507
k      		 1.27678
y      		 0.446873
n0     		 -0.721121
s0     		 -0.721121
theta0 		 0.35
theta1 		 0.35
theta2 		 0.35
a0     		 0
a1     		 0
a2     		 0

MODEL SUMMARY

  Number of variables:         12
  Number of stochastic shocks: 6
  Number of state variables:   7
  Number of jumpers:           4
  Number of static variables:  2


MATRIX OF COVARIANCE OF EXOGENOUS SHOCKS
Variables      theta0shock  theta1shock  theta2shock      a0shock      a1shock      a2shock
theta0shock       0.010000     0.000000     0.000000     0.000000     0.000000     0.000000
theta1shock       0.000000     0.010000     0.000000     0.000000     0.000000     0.000000
theta2shock       0.000000     0.000000     0.010000     0.000000     0.000000     0.000000
a0shock           0.000000     0.000000     0.000000     0.010000     0.000000     0.000000
a1shock           0.000000     0.000000     0.000000     0.000000     0.010000     0.000000
a2shock           0.000000     0.000000     0.000000     0.000000     0.000000     0.010000

POLICY AND TRANSITION FUNCTIONS
                                   c               i               k               y              n0              s0          theta0          theta1          theta2              a0              a1              a2
Constant                    0.186403        0.358507        1.276779        0.446873       -0.721121       -0.721121        0.350000        0.350000        0.350000               0               0               0
k(-1)                       0.575382       -0.146088        0.859251        0.350000       -0.238170       -0.238170               0               0               0               0               0               0
a0(-1)                      0.525544        0.281365        0.078482        0.585000       -0.040203       -0.040203               0               0               0        0.900000               0               0
a1(-1)                             0               0               0               0        0.051516        0.051516               0               0               0               0        0.900000               0
a2(-1)                             0               0               0               0        0.051516        0.051516               0               0               0               0               0        0.900000
theta0shock                -0.053261       -0.285149       -0.079538       -0.223436       -0.002149       -0.397375       -0.175000               0               0               0               0               0
theta1shock                        0               0               0               0       -0.088841        0.108772               0       -0.175000               0               0               0               0
theta2shock                        0               0               0               0       -0.088841        0.108772               0               0       -0.175000               0               0               0
a0shock                     0.583938        0.312628        0.087203        0.650000       -0.044670       -0.044670               0               0               0        1.000000               0               0
a1shock                            0               0               0               0        0.057240        0.057240               0               0               0               0        1.000000               0
a2shock                            0               0               0               0        0.057240        0.057240               0               0               0               0               0        1.000000


MOMENTS OF SIMULATED VARIABLES
VARIABLE              MEAN       STD. DEV.        VARIANCE        SKEWNESS        KURTOSIS
c                 0.184370        0.187150        0.035025        0.033020        0.038213
i                 0.358218        0.068411        0.004680        0.042653        0.025141
k                 1.275816        0.111489        0.012430        0.041017        0.054903
y                 0.445121        0.182477        0.033298        0.035055        0.045182
n0               -0.721542        0.041261        0.001702       -0.036293       -0.009951
s0               -0.721429        0.058143        0.003381        0.032773       -0.115433
theta0            0.350242        0.017607        0.000310        0.009473       -0.071011
theta1            0.350141        0.017594        0.000310       -0.034551        0.087907
theta2            0.350242        0.017122        0.000293       -0.019598        0.009049
a0               -0.002642        0.232406        0.054012        0.030458        0.051037
a1               -0.010897        0.234294        0.054894       -0.009095       -0.124439
a2               -0.006041        0.234860        0.055159       -0.067747       -0.013317


CORRELATION OF SIMULATED VARIABLES
VARIABLE          c        i        k        y       n0       s0   theta0   theta1   theta2       a0       a1       a2
c            1.0000   0.8381   0.9190   0.9914  -0.7941  -0.5424   0.0298   0.0057  -0.0080   0.9705   0.0155  -0.0002
i            0.8381   1.0000   0.6411   0.9023  -0.5558  -0.1069   0.4211   0.0077  -0.0064   0.8923   0.0116  -0.0047
k            0.9190   0.6411   1.0000   0.8801  -0.8292  -0.5388   0.0721   0.0046  -0.0060   0.7969   0.0226   0.0013
y            0.9914   0.9023   0.8801   1.0000  -0.7609  -0.4544   0.1246   0.0063  -0.0079   0.9811   0.0150  -0.0013
n0          -0.7941  -0.5558  -0.8292  -0.7609   1.0000   0.5731   0.0094   0.2105   0.2137  -0.7099   0.3075   0.3250
s0          -0.5424  -0.1069  -0.5388  -0.4544   0.5731   1.0000   0.6876  -0.1876  -0.1774  -0.5018   0.2312   0.2269
theta0       0.0298   0.4211   0.0721   0.1246   0.0094   0.6876   1.0000   0.0054   0.0035   0.0017   0.0154  -0.0071
theta1       0.0057   0.0077   0.0046   0.0063   0.2105  -0.1876   0.0054   1.0000  -0.0033   0.0059   0.0035  -0.0081
theta2      -0.0080  -0.0064  -0.0060  -0.0079   0.2137  -0.1774   0.0035  -0.0033   1.0000  -0.0086  -0.0108   0.0048
a0           0.9705   0.8923   0.7969   0.9811  -0.7099  -0.5018   0.0017   0.0059  -0.0086   1.0000   0.0099  -0.0011
a1           0.0155   0.0116   0.0226   0.0150   0.3075   0.2312   0.0154   0.0035  -0.0108   0.0099   1.0000   0.0036
a2          -0.0002  -0.0047   0.0013  -0.0013   0.3250   0.2269  -0.0071  -0.0081   0.0048  -0.0011   0.0036   1.0000


AUTOCORRELATION OF SIMULATED VARIABLES
VARIABLE          1        2        3        4        5
c            0.9491   0.8963   0.8411   0.7851   0.7311
i            0.7081   0.6112   0.5251   0.4429   0.3847
k            0.9892   0.9665   0.9346   0.8960   0.8530
y            0.9210   0.8567   0.7928   0.7299   0.6726
n0           0.8778   0.8418   0.7998   0.7519   0.7067
s0           0.4252   0.4130   0.3948   0.3668   0.3578
theta0       0.0124   0.0064   0.0096  -0.0168   0.0082
theta1       0.0124   0.0139   0.0061  -0.0046  -0.0094
theta2      -0.0041   0.0031  -0.0022  -0.0088  -0.0009
a0           0.9024   0.8150   0.7330   0.6568   0.5902
a1           0.9006   0.8106   0.7285   0.6531   0.5857
a2           0.9057   0.8201   0.7393   0.6655   0.6013



VARIANCE DECOMPOSITION SIMULATING ONE SHOCK AT A TIME (in percent)
               theta0shock       theta1shock       theta2shock           a0shock           a1shock           a2shock  Tot. lin. contr.
c                     0.32              0.00              0.00             99.79              0.00              0.00            100.11
i                    17.68              0.00              0.00             82.09              0.00              0.00             99.77
k                     2.02              0.00              0.00             98.21              0.00              0.00            100.23
y                     1.62              0.00              0.00             98.43              0.00              0.00            100.05
n0                    0.84              4.69              4.44             70.23             10.57             10.62            101.37
s0                   47.64              3.54              3.35             35.37              5.32              5.35            100.56
theta0              100.01              0.00              0.00              0.00              0.00              0.00            100.01
theta1                0.00            100.01              0.00              0.00              0.00              0.00            100.01
theta2                0.00              0.00            100.01              0.00              0.00              0.00            100.01
a0                    0.00              0.00              0.00            100.01              0.00              0.00            100.01
a1                    0.00              0.00              0.00              0.00            100.01              0.00            100.01
a2                    0.00              0.00              0.00              0.00              0.00            100.01            100.01
Note: numbers do not add up to 100 due to non-zero correlation of simulated shocks in small samples

Total computing time : 0h00m02s
