Starting Dynare (version 6.1).
Calling Dynare with arguments: none
Preprocessing time: 0h00m01s.

STEADY-STATE RESULTS:

c      		 0.186403
i      		 0.358507
k      		 1.27678
y      		 0.446873
n0     		 -0.721121
s0     		 -0.721121
theta0 		 0.35
theta1 		 0.35
theta2 		 0.35
a0     		 0
a1     		 0
a2     		 0

MODEL SUMMARY

  Number of variables:         12
  Number of stochastic shocks: 6
  Number of state variables:   7
  Number of jumpers:           4
  Number of static variables:  2


MATRIX OF COVARIANCE OF EXOGENOUS SHOCKS
Variables      theta0shock  theta1shock  theta2shock      a0shock      a1shock      a2shock
theta0shock       0.100000     0.000000     0.000000     0.000000     0.000000     0.000000
theta1shock       0.000000     0.100000     0.000000     0.000000     0.000000     0.000000
theta2shock       0.000000     0.000000     0.100000     0.000000     0.000000     0.000000
a0shock           0.000000     0.000000     0.000000     0.010000     0.000000     0.000000
a1shock           0.000000     0.000000     0.000000     0.000000     0.010000     0.000000
a2shock           0.000000     0.000000     0.000000     0.000000     0.000000     0.010000

POLICY AND TRANSITION FUNCTIONS
                                   c               i               k               y              n0              s0          theta0          theta1          theta2              a0              a1              a2
Constant                    0.186403        0.358507        1.276779        0.446873       -0.721121       -0.721121        0.350000        0.350000        0.350000               0               0               0
k(-1)                       0.575382       -0.146088        0.859251        0.350000       -0.238170       -0.238170               0               0               0               0               0               0
theta1(-1)                 -0.000946        0.001140        0.000318               0        0.051766       -0.061156               0        0.100000               0               0               0               0
theta2(-1)                 -0.000946        0.001140        0.000318               0        0.051766       -0.061156               0               0        0.100000               0               0               0
a0(-1)                      0.525544        0.281365        0.078482        0.585000       -0.040203       -0.040203               0               0               0        0.900000               0               0
a1(-1)                             0               0               0               0        0.051516        0.051516               0               0               0               0        0.900000               0
a2(-1)                             0               0               0               0        0.051516        0.051516               0               0               0               0               0        0.900000
theta0(-1)                  0.029704        0.163823        0.045696        0.127678        0.002000        0.227844        0.100000               0               0               0               0               0
theta0shock                -0.051982       -0.286690       -0.079968       -0.223436       -0.003501       -0.398726       -0.175000               0               0               0               0               0
theta1shock                 0.001655       -0.001995       -0.000556               0       -0.090590        0.107023               0       -0.175000               0               0               0               0
theta2shock                 0.001655       -0.001995       -0.000556               0       -0.090590        0.107023               0               0       -0.175000               0               0               0
a0shock                     0.583938        0.312628        0.087203        0.650000       -0.044670       -0.044670               0               0               0        1.000000               0               0
a1shock                            0               0               0               0        0.057240        0.057240               0               0               0               0        1.000000               0
a2shock                            0               0               0               0        0.057240        0.057240               0               0               0               0               0        1.000000


MOMENTS OF SIMULATED VARIABLES
VARIABLE              MEAN       STD. DEV.        VARIANCE        SKEWNESS        KURTOSIS
c                 0.185696        0.190190        0.036172        0.043288        0.054064
i                 0.358937        0.110876        0.012293        0.016716       -0.072967
k                 1.277831        0.123119        0.015158        0.042089        0.109916
y                 0.446603        0.195932        0.038389        0.039119        0.045132
n0               -0.721505        0.057607        0.003319       -0.039225        0.098406
s0               -0.721107        0.141384        0.019989        0.022292       -0.070891
theta0            0.350850        0.056030        0.003139        0.004010       -0.067260
theta1            0.350496        0.055994        0.003135       -0.038368        0.070274
theta2            0.350850        0.054397        0.002959       -0.026873        0.008532
a0               -0.002642        0.232406        0.054012        0.030458        0.051037
a1               -0.010897        0.234294        0.054894       -0.009095       -0.124439
a2               -0.006041        0.234860        0.055159       -0.067747       -0.013317


CORRELATION OF SIMULATED VARIABLES
VARIABLE          c        i        k        y       n0       s0   theta0   theta1   theta2       a0       a1       a2
c            1.0000   0.5712   0.8944   0.9548  -0.5941  -0.1497   0.0986   0.0014  -0.0110   0.9538   0.0233  -0.0009
i            0.5712   1.0000   0.5040   0.7893  -0.2152   0.6424   0.8254   0.0161   0.0033   0.5527   0.0145  -0.0076
k            0.8944   0.5040   1.0000   0.8516  -0.6108  -0.0423   0.2301   0.0025  -0.0042   0.7187   0.0391  -0.0006
y            0.9548   0.7893   0.8516   1.0000  -0.5224   0.1205   0.3725   0.0069  -0.0071   0.9136   0.0227  -0.0034
n0          -0.5941  -0.2152  -0.6108  -0.5224   1.0000  -0.0164   0.0138   0.4998   0.4896  -0.5076   0.2083   0.2315
s0          -0.1497   0.6424  -0.0423   0.1205  -0.0164   1.0000   0.8958  -0.2349  -0.2299  -0.2034   0.1039   0.0889
theta0       0.0986   0.8254   0.2301   0.3725   0.0138   0.8958   1.0000   0.0075   0.0035   0.0023   0.0174  -0.0080
theta1       0.0014   0.0161   0.0025   0.0069   0.4998  -0.2349   0.0075   1.0000  -0.0043   0.0059   0.0037  -0.0086
theta2      -0.0110   0.0033  -0.0042  -0.0071   0.4896  -0.2299   0.0035  -0.0043   1.0000  -0.0092  -0.0117   0.0048
a0           0.9538   0.5527   0.7187   0.9136  -0.5076  -0.2034   0.0023   0.0059  -0.0092   1.0000   0.0099  -0.0011
a1           0.0233   0.0145   0.0391   0.0227   0.2083   0.1039   0.0174   0.0037  -0.0117   0.0099   1.0000   0.0036
a2          -0.0009  -0.0076  -0.0006  -0.0034   0.2315   0.0889  -0.0080  -0.0086   0.0048  -0.0011   0.0036   1.0000


AUTOCORRELATION OF SIMULATED VARIABLES
VARIABLE          1        2        3        4        5
c            0.9469   0.8910   0.8329   0.7745   0.7189
i            0.3259   0.2244   0.1869   0.1414   0.1357
k            0.9704   0.9289   0.8819   0.8317   0.7808
y            0.8385   0.7676   0.7065   0.6455   0.5953
n0           0.5341   0.4692   0.4339   0.3930   0.3704
s0           0.1364   0.0539   0.0453   0.0331   0.0534
theta0       0.1129   0.0184   0.0097  -0.0148   0.0069
theta1       0.1136   0.0257   0.0080  -0.0048  -0.0113
theta2       0.0963   0.0124  -0.0018  -0.0089  -0.0009
a0           0.9024   0.8150   0.7330   0.6568   0.5902
a1           0.9006   0.8106   0.7285   0.6531   0.5857
a2           0.9057   0.8201   0.7393   0.6655   0.6013



VARIANCE DECOMPOSITION SIMULATING ONE SHOCK AT A TIME (in percent)
               theta0shock       theta1shock       theta2shock           a0shock           a1shock           a2shock  Tot. lin. contr.
c                     3.73              0.00              0.00             96.62              0.00              0.00            100.35
i                    68.37              0.00              0.00             31.25              0.00              0.00             99.62
k                    20.12              0.00              0.00             80.53              0.00              0.00            100.65
y                    14.73              0.00              0.00             85.38              0.00              0.00            100.10
n0                    5.20             25.31             23.89             36.03              5.42              5.45            101.29
s0                   81.42              5.87              5.54              5.98              0.90              0.90            100.61
theta0              100.01              0.00              0.00              0.00              0.00              0.00            100.01
theta1                0.00            100.01              0.00              0.00              0.00              0.00            100.01
theta2                0.00              0.00            100.01              0.00              0.00              0.00            100.01
a0                    0.00              0.00              0.00            100.01              0.00              0.00            100.01
a1                    0.00              0.00              0.00              0.00            100.01              0.00            100.01
a2                    0.00              0.00              0.00              0.00              0.00            100.01            100.01
Note: numbers do not add up to 100 due to non-zero correlation of simulated shocks in small samples

Total computing time : 0h00m05s
