initval;
c =     		 0.186403;
i =     		 0.358507;
k =     		 1.27678;
y  =    		 0.446873;
n0 =   		 -0.721121;
theta0 =	 0.35;
theta1 	=	 0.35;
theta2 =		 0.35;
a0    = 		 0;
a1   =  		 0;
a2   = 		 0;

end;
steady