initval;

c=-0.997124;
i=0.183779;
k=-1.69402;
y=-0.592908;
n0=-0.588787;
s0=-0.588787;
theta0= 0.35;
theta1= 0.35;
theta2= 0.35;
a0=0;
a1=0;
a2=0;


end;