initval;
n_0=0.4367816091954019;
n_1=0.2816091954023412;
n_2=0.2816091954022568;
s_0=0.43678160919539893;
s_1=0.28160919540229046;
s_2=0.28160919540231055;
k=9.63139120095133;
k_0=9.631391200951322;
k_1=9.631391200951327;
k_2=9.631391200951319;
c_0=0.8739595719381731;
c_1=0.873959571938196;
c_2=0.8739595719381466;
i=0.4815695600475665;
y_0=1.3555291319857397;
y=3.1034482758620894;
r=1.1111111111111098;
tot=0;
sc=0;
win=0;
a_0=0;
a_1=0;
a_2=0;
end;


