Starting Dynare (version 6.1).
Calling Dynare with arguments: none
Preprocessing time: 0h00m01s.

STEADY-STATE RESULTS:

n_1 		 -1.31789
n_2 		 -0.815265
s_1 		 -1.31789
s_2 		 -0.815265
k   		 0.888126
c_0 		 -1.35976
c_1 		 -1.05146
c_2 		 -0.548827
i   		 0.121529
a_0 		 0
a_1 		 0
a_2 		 0

EIGENVALUES:
         Modulus             Real        Imaginary
               0                0                0
               0                0                0
          0.8925           0.8925                0
            0.95             0.95                0
            0.95             0.95                0
            0.95             0.95                0
           1.245            1.245                0
       3.594e+16       -3.594e+16                0
       4.252e+16       -4.252e+16                0
       1.097e+17       -1.097e+17                0
       1.711e+17        1.711e+17                0
       2.582e+17        2.582e+17                0
       3.459e+17       -3.459e+17                0
       2.085e+18       -2.085e+18                0
       2.601e+18        2.601e+18                0
       1.594e+19       -1.594e+19                0
       3.657e+33        3.657e+33                0

There are 11 eigenvalue(s) larger than 1 in modulus for 11 forward-looking variable(s)
The rank condition is verified.


MODEL SUMMARY

  Number of variables:         12
  Number of stochastic shocks: 3
  Number of state variables:   6
  Number of jumpers:           11
  Number of static variables:  0


MATRIX OF COVARIANCE OF EXOGENOUS SHOCKS
Variables    a_0_shock  a_1_shock  a_2_shock
a_0_shock     0.010000   0.000000   0.000000
a_1_shock     0.000000   0.010000   0.000000
a_2_shock     0.000000   0.000000   0.010000

POLICY AND TRANSITION FUNCTIONS
                                 n_1             n_2             s_1             s_2               k             c_0             c_1             c_2               i             a_0             a_1             a_2
Constant                   -1.317893       -0.815265       -1.317893       -0.815265        0.888126       -1.359758       -1.051455       -0.548827        0.121529               0               0               0
k(-1)                       0.148912        0.148912        0.148912        0.148912        0.892474        0.448912        0.448912        0.448912       -0.139821               0               0               0
a_0(-1)                    -0.439505       -0.439505       -0.439505       -0.439505        0.161214        1.460495       -0.439505       -0.439505        0.391842        0.950000               0               0
a_1(-1)                     0.669579       -0.280422        0.669579       -0.280422               0       -0.280422        1.619578       -0.280422               0               0        0.950000               0
a_2(-1)                    -0.463555        0.486447       -0.463555        0.486447               0       -0.463555       -0.463555        1.436445               0               0               0        0.950000
a_0_shock                  -0.462637       -0.462637       -0.462637       -0.462637        0.169699        1.537363       -0.462637       -0.462637        0.412465        1.000000               0               0
a_1_shock                   0.704820       -0.295181        0.704820       -0.295181               0       -0.295181        1.704819       -0.295181               0               0        1.000000               0
a_2_shock                  -0.487952        0.512049       -0.487952        0.512049               0       -0.487952       -0.487952        1.512048               0               0               0        1.000000


MOMENTS OF SIMULATED VARIABLES
VARIABLE              MEAN       STD. DEV.        VARIANCE        SKEWNESS        KURTOSIS
n_1              -1.307777        0.388942        0.151276        0.416165       -0.032793
n_2              -0.821290        0.216142        0.046717        0.324668        0.204163
s_1              -1.307777        0.388942        0.151276        0.416165       -0.032793
s_2              -0.821290        0.216142        0.046717        0.324668        0.204163
k                 0.893602        0.428552        0.183657       -0.223243       -0.447699
c_0              -1.354793        0.724703        0.525195       -0.135685       -0.624433
c_1              -1.027364        0.688601        0.474172        0.583212        0.271222
c_2              -0.557017        0.565926        0.320272        0.193153        0.354005
i                 0.121868        0.094408        0.008913       -0.284932        0.316793
a_0               0.002727        0.328732        0.108065       -0.242820       -0.139682
a_1               0.012290        0.387268        0.149977        0.635719        0.180531
a_2              -0.003851        0.347111        0.120486        0.247242        0.516529


CORRELATION OF SIMULATED VARIABLES
VARIABLE        n_1      n_2      s_1      s_2        k      c_0      c_1      c_2        i      a_0      a_1      a_2
n_1          1.0000  -0.6118   1.0000  -0.6118  -0.5559  -0.5905   0.9437  -0.6936  -0.5807  -0.6385   0.8495  -0.5536
n_2         -0.6118   1.0000  -0.6118   1.0000   0.0522  -0.1745  -0.5817   0.8969  -0.2004  -0.1068  -0.4446   0.8122
s_1          1.0000  -0.6118   1.0000  -0.6118  -0.5559  -0.5905   0.9437  -0.6936  -0.5807  -0.6385   0.8495  -0.5536
s_2         -0.6118   1.0000  -0.6118   1.0000   0.0522  -0.1745  -0.5817   0.8969  -0.2004  -0.1068  -0.4446   0.8122
k           -0.5559   0.0522  -0.5559   0.0522   1.0000   0.9015  -0.3953   0.3231   0.5846   0.8476  -0.4754   0.1250
c_0         -0.5905  -0.1745  -0.5905  -0.1745   0.9015   1.0000  -0.4901   0.0820   0.8061   0.9466  -0.5678  -0.0806
c_1          0.9437  -0.5817   0.9437  -0.5817  -0.3953  -0.4901   1.0000  -0.5247  -0.4260  -0.4625   0.9550  -0.3542
c_2         -0.6936   0.8969  -0.6936   0.8969   0.3231   0.0820  -0.5247   1.0000   0.1268   0.2332  -0.3453   0.9504
i           -0.5807  -0.2004  -0.5807  -0.2004   0.5846   0.8061  -0.4260   0.1268   1.0000   0.9260  -0.3469   0.1389
a_0         -0.6385  -0.1068  -0.6385  -0.1068   0.8476   0.9466  -0.4625   0.2332   0.9260   1.0000  -0.4481   0.1490
a_1          0.8495  -0.4446   0.8495  -0.4446  -0.4754  -0.5678   0.9550  -0.3453  -0.3469  -0.4481   1.0000  -0.1130
a_2         -0.5536   0.8122  -0.5536   0.8122   0.1250  -0.0806  -0.3542   0.9504   0.1389   0.1490  -0.1130   1.0000


AUTOCORRELATION OF SIMULATED VARIABLES
VARIABLE         1       2       3       4       5
n_1         0.9645  0.9272  0.8898  0.8525  0.8164
n_2         0.9410  0.8895  0.8444  0.8062  0.7706
s_1         0.9645  0.9272  0.8898  0.8525  0.8164
s_2         0.9410  0.8895  0.8444  0.8062  0.7706
k           0.9959  0.9877  0.9752  0.9590  0.9398
c_0         0.9739  0.9457  0.9162  0.8868  0.8568
c_1         0.9599  0.9186  0.8791  0.8416  0.8046
c_2         0.9568  0.9182  0.8810  0.8473  0.8132
i           0.9039  0.8094  0.7212  0.6404  0.5730
a_0         0.9541  0.9066  0.8597  0.8141  0.7730
a_1         0.9623  0.9248  0.8901  0.8586  0.8273
a_2         0.9539  0.9121  0.8704  0.8318  0.7938



VARIANCE DECOMPOSITION SIMULATING ONE SHOCK AT A TIME (in percent)
              a_0_shock         a_1_shock         a_2_shock  Tot. lin. contr.
n_1                7.68             49.31             18.98             75.97
n_2               24.85             28.00             67.70            120.55
s_1                7.68             49.31             18.98             75.97
s_2               24.85             28.00             67.70            120.55
k                100.11              0.00              0.00            100.11
c_0               85.53              2.49              5.47             93.49
c_1                2.76             92.03              6.06            100.85
c_2                4.09              4.08             86.11             94.28
i                100.11              0.00              0.00            100.11
a_0              100.11              0.00              0.00            100.11
a_1                0.00            100.11              0.00            100.11
a_2                0.00              0.00            100.11            100.11
Note: numbers do not add up to 100 due to non-zero correlation of simulated shocks in small samples

Total computing time : 0h00m01s
