initval;
n_1=-1.8008222938691258;
n_2=-0.49819343782939934;
s_1=-1.8008222937080045;
s_2=-0.4981934378083373;
k=0.8881260209054078;
c_0=-1.74268584754239;
c_1=-1.634384487743765;
c_2=0.4682443688430659;
i=0.12152852712011673;
a_0=0;
a_1=0;
a_2=0;
end;


