Starting Dynare (version 6.1).
Calling Dynare with arguments: none
Preprocessing time: 0h00m00s.

STEADY-STATE RESULTS:

n_0 		 -1.32311
n_1 		 -1.06015
n_2 		 -0.948579
s_0 		 -1.32311
s_1 		 -1.06015
s_2 		 -0.948579
k   		 0.888126
c_0 		 -1.48686
c_1 		 -0.793713
c_2 		 -0.682141
i   		 0.121529
a_0 		 0
a_1 		 0
a_2 		 0

EIGENVALUES:
         Modulus             Real        Imaginary
               0                0                0
               0                0                0
               0                0                0
          0.8925           0.8925                0
            0.95             0.95                0
            0.95             0.95                0
            0.95             0.95                0
           1.245            1.245                0
       3.487e+16       -3.487e+16                0
       1.562e+17       -1.562e+17                0
       1.729e+17        1.729e+17                0
       2.117e+17       -2.117e+17                0
       3.495e+17       -3.495e+17                0
       5.546e+17        5.546e+17                0
       6.793e+17        6.793e+17                0
       8.312e+17        8.312e+17                0
       9.567e+17       -9.567e+17                0
       7.042e+31        7.042e+31                0
       8.869e+32        8.869e+32                0
        6.47e+33         6.47e+33                0

There are 13 eigenvalue(s) larger than 1 in modulus for 13 forward-looking variable(s)
The rank condition is verified.


MODEL SUMMARY

  Number of variables:         14
  Number of stochastic shocks: 3
  Number of state variables:   7
  Number of jumpers:           13
  Number of static variables:  0


MATRIX OF COVARIANCE OF EXOGENOUS SHOCKS
Variables    a_0_shock  a_1_shock  a_2_shock
a_0_shock     0.500000   0.000000   0.000000
a_1_shock     0.000000   0.000000   0.000000
a_2_shock     0.000000   0.000000   0.000000

POLICY AND TRANSITION FUNCTIONS
                                 n_0             n_1             n_2             s_0             s_1             s_2               k             c_0             c_1             c_2               i             a_0             a_1             a_2
Constant                   -1.323112       -1.060151       -0.948579       -1.323112       -1.060151       -0.948579        0.888126       -1.486860       -0.793713       -0.682141        0.121529               0               0               0
k(-1)                      -0.410267        0.148912        0.148912       -0.410267        0.148912        0.148912        0.892474        0.448912        0.448912        0.448912       -0.139821               0               0               0
a_0(-1)                     0.393327       -0.142764       -0.142764        0.393327       -0.142764       -0.142764        0.161214        0.332236       -0.142764       -0.142764        0.391842        0.950000               0               0
a_1(-1)                     0.118002       -0.293566        0.181434        0.118002       -0.293566        0.181434               0        0.181434        0.656434        0.181434               0               0        0.950000               0
a_2(-1)                     0.131931        0.202849       -0.272151        0.131931        0.202849       -0.272151               0        0.202849        0.202849        0.677849               0               0               0        0.950000
a_0_shock                   0.414029       -0.150278       -0.150278        0.414029       -0.150278       -0.150278        0.169699        0.349722       -0.150278       -0.150278        0.412465        1.000000               0               0
a_1_shock                   0.124213       -0.309017        0.190983        0.124213       -0.309017        0.190983               0        0.190983        0.690983        0.190983               0               0        1.000000               0
a_2_shock                   0.138874        0.213525       -0.286475        0.138874        0.213525       -0.286475               0        0.213525        0.213525        0.713525               0               0               0        1.000000


MOMENTS OF SIMULATED VARIABLES
VARIABLE              MEAN       STD. DEV.        VARIANCE        SKEWNESS        KURTOSIS
n_0              -1.231405        0.816829        0.667210       -0.238273        0.587651
n_1              -1.093437        0.296480        0.087901        0.238273        0.587651
n_2              -0.981865        0.296480        0.087901        0.238273        0.587651
s_0              -1.231405        0.816829        0.667210       -0.238273        0.587651
s_1              -1.093437        0.296480        0.087901        0.238273        0.587651
s_2              -0.981865        0.296480        0.087901        0.238273        0.587651
k                 0.222806        3.492452       12.197223       -0.407554        0.709736
c_0              -1.936567        2.378098        5.655352       -0.357490        0.704667
c_1              -1.025817        1.264425        1.598771       -0.346719        0.686901
c_2              -0.914245        1.264425        1.598771       -0.346719        0.686901
i                 0.034685        0.728297        0.530417        0.271181        0.367173
a_0              -0.435205        2.610595        6.815207       -0.021547        0.583438
a_1              -0.000000        0.000000        0.000000             NaN             NaN
a_2               0.000000        0.000000        0.000000             NaN             NaN


CORRELATION OF SIMULATED VARIABLES
VARIABLE        n_0      n_1      n_2      s_0      s_1      s_2        k      c_0      c_1      c_2        i      a_0      a_1      a_2
n_0          1.0000  -1.0000  -1.0000   1.0000  -1.0000  -1.0000  -0.6080  -0.4852  -0.7844  -0.7844   0.2616  -0.1241      NaN      NaN
n_1         -1.0000   1.0000   1.0000  -1.0000   1.0000   1.0000   0.6080   0.4852   0.7844   0.7844  -0.2616   0.1241      NaN      NaN
n_2         -1.0000   1.0000   1.0000  -1.0000   1.0000   1.0000   0.6080   0.4852   0.7844   0.7844  -0.2616   0.1241      NaN      NaN
s_0          1.0000  -1.0000  -1.0000   1.0000  -1.0000  -1.0000  -0.6080  -0.4852  -0.7844  -0.7844   0.2616  -0.1241      NaN      NaN
s_1         -1.0000   1.0000   1.0000  -1.0000   1.0000   1.0000   0.6080   0.4852   0.7844   0.7844  -0.2616   0.1241      NaN      NaN
s_2         -1.0000   1.0000   1.0000  -1.0000   1.0000   1.0000   0.6080   0.4852   0.7844   0.7844  -0.2616   0.1241      NaN      NaN
k           -0.6080   0.6080   0.6080  -0.6080   0.6080   0.6080   1.0000   0.9892   0.9694   0.9694   0.6072   0.8632      NaN      NaN
c_0         -0.4852   0.4852   0.4852  -0.4852   0.4852   0.4852   0.9892   1.0000   0.9229   0.9229   0.7171   0.9279      NaN      NaN
c_1         -0.7844   0.7844   0.7844  -0.7844   0.7844   0.7844   0.9694   0.9229   1.0000   1.0000   0.3935   0.7128      NaN      NaN
c_2         -0.7844   0.7844   0.7844  -0.7844   0.7844   0.7844   0.9694   0.9229   1.0000   1.0000   0.3935   0.7128      NaN      NaN
i            0.2616  -0.2616  -0.2616   0.2616  -0.2616  -0.2616   0.6072   0.7171   0.3935   0.3935   1.0000   0.9253      NaN      NaN
a_0         -0.1241   0.1241   0.1241  -0.1241   0.1241   0.1241   0.8632   0.9279   0.7128   0.7128   0.9253   1.0000      NaN      NaN
a_1             NaN      NaN      NaN      NaN      NaN      NaN      NaN      NaN      NaN      NaN      NaN      NaN      NaN      NaN
a_2             NaN      NaN      NaN      NaN      NaN      NaN      NaN      NaN      NaN      NaN      NaN      NaN      NaN      NaN


AUTOCORRELATION OF SIMULATED VARIABLES
VARIABLE         1       2       3       4       5
n_0         0.9223  0.8536  0.7908  0.7240  0.6627
n_1         0.9223  0.8536  0.7908  0.7240  0.6627
n_2         0.9223  0.8536  0.7908  0.7240  0.6627
s_0         0.9223  0.8536  0.7908  0.7240  0.6627
s_1         0.9223  0.8536  0.7908  0.7240  0.6627
s_2         0.9223  0.8536  0.7908  0.7240  0.6627
k           0.9963  0.9893  0.9783  0.9641  0.9473
c_0         0.9923  0.9818  0.9679  0.9506  0.9310
c_1         0.9910  0.9796  0.9653  0.9478  0.9285
c_2         0.9910  0.9796  0.9653  0.9478  0.9285
i           0.9131  0.8363  0.7660  0.6913  0.6229
a_0         0.9605  0.9234  0.8868  0.8464  0.8071
a_1            NaN     NaN     NaN     NaN     NaN
a_2            NaN     NaN     NaN     NaN     NaN



VARIANCE DECOMPOSITION SIMULATING ONE SHOCK AT A TIME (in percent)
              a_0_shock         a_1_shock         a_2_shock  Tot. lin. contr.
n_0              100.11              0.00              0.00            100.11
n_1              100.11              0.00              0.00            100.11
n_2              100.11              0.00              0.00            100.11
s_0              100.11              0.00              0.00            100.11
s_1              100.11              0.00              0.00            100.11
s_2              100.11              0.00              0.00            100.11
k                100.11              0.00              0.00            100.11
c_0              100.11              0.00              0.00            100.11
c_1              100.11              0.00              0.00            100.11
c_2              100.11              0.00              0.00            100.11
i                100.11              0.00              0.00            100.11
a_0              100.11              0.00              0.00            100.11
a_1                 NaN               NaN               NaN               NaN
a_2                 NaN               NaN               NaN               NaN
Note: numbers do not add up to 100 due to non-zero correlation of simulated shocks in small samples

Total computing time : 0h00m01s
