initval;
n_0=-1.3231119683891552;
n_1=-1.0601505410798138;
n_2=-0.9485787651498407;
s_0=-1.323111968359227;
s_1=-1.0601505409046252;
s_2=-0.9485787653271133;
k=0.8881260236195211;
k_0=0.8881260236466464;
k_1=0.8881260235509693;
k_2=0.8881260236279862;
c_0=-1.4868599143386987;
c_1=-0.7937127338831573;
c_2=-0.6821409581254703;
i=-2.1076062499344745;
y_0=-1.0566741613194897;
y=0.2664378071714054;
r=0.10536051566552779;
tot=0;
sc=0;
win=0;
p_0=0.0;
p_1=0.0;
p_2=0.0;
ex_0=0.0;
ex_1=0.0;
ex_2=0.0;
exb_0=0;
exb_1=0;
exb_2=0;
a_0=0;
a_1=0;
a_2=0;
end;


