{
 "cells": [
  {
   "cell_type": "code",
   "execution_count": 1,
   "id": "d963da46",
   "metadata": {},
   "outputs": [
    {
     "name": "stdout",
     "output_type": "stream",
     "text": [
      "warning: function C:\\dynare\\6.1\\matlab\\+identification\\display.m shadows a built-in function\n",
      "warning: called from\n",
      "    _pyeval at line 57 column 30\n",
      "\n",
      "warning: function C:\\dynare\\6.1\\matlab\\+identification\\display.m shadows a built-in function\n",
      "warning: called from\n",
      "    _pyeval at line 57 column 30\n",
      "\n"
     ]
    },
    {
     "data": {
      "text/plain": [
       "'.;C:\\\\Users\\\\blankenw\\\\AppData\\\\Local\\\\anaconda3\\\\Lib\\\\site-packages\\\\oct2py;C:\\\\Users\\\\blankenw\\\\AppData\\\\Local\\\\anaconda3\\\\Lib\\\\site-packages\\\\octave_kernel;C:\\\\Program Files\\\\GNU Octave\\\\Octave-9.1.0\\\\mingw64\\\\lib\\\\octave\\\\9.1.0\\\\site\\\\oct\\\\x86_64-w64-mingw32;C:\\\\Program Files\\\\GNU Octave\\\\Octave-9.1.0\\\\mingw64\\\\lib\\\\octave\\\\site\\\\oct\\\\api-v59\\\\x86_64-w64-mingw32;C:\\\\Program Files\\\\GNU Octave\\\\Octave-9.1.0\\\\mingw64\\\\lib\\\\octave\\\\site\\\\oct\\\\x86_64-w64-mingw32;C:\\\\Program Files\\\\GNU Octave\\\\Octave-9.1.0\\\\mingw64\\\\share\\\\octave\\\\9.1.0\\\\site\\\\m;C:\\\\Program Files\\\\GNU Octave\\\\Octave-9.1.0\\\\mingw64\\\\share\\\\octave\\\\site\\\\api-v59\\\\m;C:\\\\Program Files\\\\GNU Octave\\\\Octave-9.1.0\\\\mingw64\\\\share\\\\octave\\\\site\\\\m;C:\\\\Program Files\\\\GNU Octave\\\\Octave-9.1.0\\\\mingw64\\\\share\\\\octave\\\\site\\\\m\\\\once_only;C:\\\\Program Files\\\\GNU Octave\\\\Octave-9.1.0\\\\mingw64\\\\share\\\\octave\\\\site\\\\m\\\\startup;C:\\\\Program Files\\\\GNU Octave\\\\Octave-9.1.0\\\\mingw64\\\\lib\\\\octave\\\\9.1.0\\\\oct\\\\x86_64-w64-mingw32;C:\\\\Program Files\\\\GNU Octave\\\\Octave-9.1.0\\\\mingw64\\\\share\\\\octave\\\\9.1.0\\\\m;C:\\\\Program Files\\\\GNU Octave\\\\Octave-9.1.0\\\\mingw64\\\\share\\\\octave\\\\9.1.0\\\\m\\\\audio;C:\\\\Program Files\\\\GNU Octave\\\\Octave-9.1.0\\\\mingw64\\\\share\\\\octave\\\\9.1.0\\\\m\\\\deprecated;C:\\\\Program Files\\\\GNU Octave\\\\Octave-9.1.0\\\\mingw64\\\\share\\\\octave\\\\9.1.0\\\\m\\\\elfun;C:\\\\Program Files\\\\GNU Octave\\\\Octave-9.1.0\\\\mingw64\\\\share\\\\octave\\\\9.1.0\\\\m\\\\general;C:\\\\Program Files\\\\GNU Octave\\\\Octave-9.1.0\\\\mingw64\\\\share\\\\octave\\\\9.1.0\\\\m\\\\geometry;C:\\\\Program Files\\\\GNU Octave\\\\Octave-9.1.0\\\\mingw64\\\\share\\\\octave\\\\9.1.0\\\\m\\\\gui;C:\\\\Program Files\\\\GNU Octave\\\\Octave-9.1.0\\\\mingw64\\\\share\\\\octave\\\\9.1.0\\\\m\\\\help;C:\\\\Program Files\\\\GNU Octave\\\\Octave-9.1.0\\\\mingw64\\\\share\\\\octave\\\\9.1.0\\\\m\\\\image;C:\\\\Program Files\\\\GNU Octave\\\\Octave-9.1.0\\\\mingw64\\\\share\\\\octave\\\\9.1.0\\\\m\\\\io;C:\\\\Program Files\\\\GNU Octave\\\\Octave-9.1.0\\\\mingw64\\\\share\\\\octave\\\\9.1.0\\\\m\\\\java;C:\\\\Program Files\\\\GNU Octave\\\\Octave-9.1.0\\\\mingw64\\\\share\\\\octave\\\\9.1.0\\\\m\\\\legacy;C:\\\\Program Files\\\\GNU Octave\\\\Octave-9.1.0\\\\mingw64\\\\share\\\\octave\\\\9.1.0\\\\m\\\\linear-algebra;C:\\\\Program Files\\\\GNU Octave\\\\Octave-9.1.0\\\\mingw64\\\\share\\\\octave\\\\9.1.0\\\\m\\\\miscellaneous;C:\\\\Program Files\\\\GNU Octave\\\\Octave-9.1.0\\\\mingw64\\\\share\\\\octave\\\\9.1.0\\\\m\\\\ode;C:\\\\Program Files\\\\GNU Octave\\\\Octave-9.1.0\\\\mingw64\\\\share\\\\octave\\\\9.1.0\\\\m\\\\optimization;C:\\\\Program Files\\\\GNU Octave\\\\Octave-9.1.0\\\\mingw64\\\\share\\\\octave\\\\9.1.0\\\\m\\\\path;C:\\\\Program Files\\\\GNU Octave\\\\Octave-9.1.0\\\\mingw64\\\\share\\\\octave\\\\9.1.0\\\\m\\\\pkg;C:\\\\Program Files\\\\GNU Octave\\\\Octave-9.1.0\\\\mingw64\\\\share\\\\octave\\\\9.1.0\\\\m\\\\plot;C:\\\\Program Files\\\\GNU Octave\\\\Octave-9.1.0\\\\mingw64\\\\share\\\\octave\\\\9.1.0\\\\m\\\\plot\\\\appearance;C:\\\\Program Files\\\\GNU Octave\\\\Octave-9.1.0\\\\mingw64\\\\share\\\\octave\\\\9.1.0\\\\m\\\\plot\\\\draw;C:\\\\Program Files\\\\GNU Octave\\\\Octave-9.1.0\\\\mingw64\\\\share\\\\octave\\\\9.1.0\\\\m\\\\plot\\\\util;C:\\\\Program Files\\\\GNU Octave\\\\Octave-9.1.0\\\\mingw64\\\\share\\\\octave\\\\9.1.0\\\\m\\\\polynomial;C:\\\\Program Files\\\\GNU Octave\\\\Octave-9.1.0\\\\mingw64\\\\share\\\\octave\\\\9.1.0\\\\m\\\\prefs;C:\\\\Program Files\\\\GNU Octave\\\\Octave-9.1.0\\\\mingw64\\\\share\\\\octave\\\\9.1.0\\\\m\\\\profiler;C:\\\\Program Files\\\\GNU Octave\\\\Octave-9.1.0\\\\mingw64\\\\share\\\\octave\\\\9.1.0\\\\m\\\\set;C:\\\\Program Files\\\\GNU Octave\\\\Octave-9.1.0\\\\mingw64\\\\share\\\\octave\\\\9.1.0\\\\m\\\\signal;C:\\\\Program Files\\\\GNU Octave\\\\Octave-9.1.0\\\\mingw64\\\\share\\\\octave\\\\9.1.0\\\\m\\\\sparse;C:\\\\Program Files\\\\GNU Octave\\\\Octave-9.1.0\\\\mingw64\\\\share\\\\octave\\\\9.1.0\\\\m\\\\specfun;C:\\\\Program Files\\\\GNU Octave\\\\Octave-9.1.0\\\\mingw64\\\\share\\\\octave\\\\9.1.0\\\\m\\\\special-matrix;C:\\\\Program Files\\\\GNU Octave\\\\Octave-9.1.0\\\\mingw64\\\\share\\\\octave\\\\9.1.0\\\\m\\\\startup;C:\\\\Program Files\\\\GNU Octave\\\\Octave-9.1.0\\\\mingw64\\\\share\\\\octave\\\\9.1.0\\\\m\\\\statistics;C:\\\\Program Files\\\\GNU Octave\\\\Octave-9.1.0\\\\mingw64\\\\share\\\\octave\\\\9.1.0\\\\m\\\\strings;C:\\\\Program Files\\\\GNU Octave\\\\Octave-9.1.0\\\\mingw64\\\\share\\\\octave\\\\9.1.0\\\\m\\\\testfun;C:\\\\Program Files\\\\GNU Octave\\\\Octave-9.1.0\\\\mingw64\\\\share\\\\octave\\\\9.1.0\\\\m\\\\time;C:\\\\Program Files\\\\GNU Octave\\\\Octave-9.1.0\\\\mingw64\\\\share\\\\octave\\\\9.1.0\\\\m\\\\web;C:\\\\Program Files\\\\GNU Octave\\\\Octave-9.1.0\\\\mingw64\\\\share\\\\octave\\\\9.1.0\\\\data'"
      ]
     },
     "execution_count": 1,
     "metadata": {},
     "output_type": "execute_result"
    }
   ],
   "source": [
    "#!pip install --upgrade oct2py\n",
    "import numpy as np\n",
    "import pandas as pd\n",
    "from oct2py import octave\n",
    "import matplotlib.pyplot as plt\n",
    "import os\n",
    "from scipy.optimize import root\n",
    "import pickle\n",
    "octave.addpath('C:/dynare/6.1/matlab')  \n",
    "#octave.addpath('/opt/homebrew/opt/dynare/lib/dynare/matlab')"
   ]
  },
  {
   "cell_type": "markdown",
   "id": "09d6d170",
   "metadata": {},
   "source": [
    "`DyPy` is a class that we create and store in a file called `MyPy.py`. It contains methods for \n",
    "\n",
    "* converting data from a Dynare stucture to Numpy arrays.\n",
    "* analyzing the data. \n",
    "\n",
    "See the file for details. "
   ]
  },
  {
   "cell_type": "code",
   "execution_count": 2,
   "id": "a9e3b82b",
   "metadata": {},
   "outputs": [],
   "source": [
    "from MyPy import DyPy"
   ]
  },
  {
   "cell_type": "markdown",
   "id": "bca86bb9",
   "metadata": {},
   "source": [
    "Creates a file called `t_call.m`. This informs Dynare of the format we want for output. It is put here so that adjusments can be made easily; for example the number of periods can be changed here rather than by looking at the `.mod` file. It is included in the `.mod` file via: `@#include \"t_call.m\"` in `model_1.mod`\n",
    "\n",
    "* `order`: the order of approximation for the stochastic simulation. order=1 is a fsrst-order approximation (linearization) Higher-order approximations (e.g., order=2 for second-order) capture nonlinear effects in the model, but they require more computational resources.\n",
    "* `periods`: number of periods (time steps) for which the simulation will be run. periods=1000 means that the model will be simulated for 1000 periods. The default value is 0, which means no simulation will be performed.\n",
    "* `nograph`: suppresses the graphical output of the simulation results in Dynare since we draw them separatetly. \n",
    "* `irf`: the number of periods for which the impulse response functions (IRFs) will be computed and plotted. "
   ]
  },
  {
   "cell_type": "code",
   "execution_count": 3,
   "id": "f2fe4306",
   "metadata": {},
   "outputs": [],
   "source": [
    "with open('t_call.m', 'w') as file:\n",
    "    file.write(\"stoch_simul(nograph, order=1, periods=10000, irf=100);\")"
   ]
  },
  {
   "cell_type": "markdown",
   "id": "7e4aaad7",
   "metadata": {},
   "source": [
    " `make_model.ipyn` writes a file called `t_model.m`. `t_model.m`is the `model` block in the Dynare `.mod` file. It can instead be created directlty by commenting out the next `%run` line and coding the model. `make_model.ipyn` simplifies model creation when many of the lines are very similar to each other. Then they can be written in for loops. For the model we are currently working with, there is not much advantage to writing the file via `make_model` but I have done so nonetheless. \n",
    " \n",
    " The created file is included in the `.mod` file via `@#include \"t_model.m\"` in `model_1.mod`. "
   ]
  },
  {
   "cell_type": "code",
   "execution_count": 4,
   "id": "eff43076",
   "metadata": {},
   "outputs": [],
   "source": [
    "%run make_model.ipynb"
   ]
  },
  {
   "cell_type": "markdown",
   "id": "40f63e8b",
   "metadata": {},
   "source": [
    "`make_files.ipynb` writes the other Dynare blocks. See that file for details. However, note that in doing so, it solves for the steady state of the model using `root` from `scipy`. If the results below do not indicate success, the `.mod` file may not run correctly. Also, note that though we solve for the steady state here, we do not give Dynare the steady state but rather use these as starting values for their ss solver. I will later code a verification the steady states are the same. "
   ]
  },
  {
   "cell_type": "code",
   "execution_count": 5,
   "id": "b6037324",
   "metadata": {},
   "outputs": [
    {
     "name": "stdout",
     "output_type": "stream",
     "text": [
      "eps,tht,alf,bet,om_0,om_1,om_2,delt,psi_n,psi_k,var_a_0,var_a_1,var_a_2,rho_a_0,rho_a_1,rho_a_2\n"
     ]
    }
   ],
   "source": [
    "%run make_files_1.ipynb"
   ]
  },
  {
   "cell_type": "markdown",
   "id": "59d8332f",
   "metadata": {},
   "source": [
    "Tells octave where to find the .m file it will run. The file is `call_dynare`. Set to wherever you have this file. \n",
    "\n",
    "\n"
   ]
  },
  {
   "cell_type": "code",
   "execution_count": 6,
   "id": "302dd812",
   "metadata": {},
   "outputs": [],
   "source": [
    "#a=octave.addpath(os.path.expanduser('C:/Users/blankenw/GitHub/dynare_progs/np_1'))"
   ]
  },
  {
   "cell_type": "markdown",
   "id": "4df08aa0",
   "metadata": {},
   "source": [
    "Makes a call to Octave, which makes a call to Dynare. Then the `.mod` file is run in Dynare. Output from Dynare is displayed as it runs."
   ]
  },
  {
   "cell_type": "code",
   "execution_count": 7,
   "id": "5e4bdc3f",
   "metadata": {},
   "outputs": [
    {
     "name": "stdout",
     "output_type": "stream",
     "text": [
      " message: The solution converged.\n",
      " success: True\n",
      "  status: 1\n",
      "     fun: [-1.110e-16  0.000e+00 ... -2.920e-14  2.132e-14]\n",
      "       x: [ 4.368e-01  2.816e-01 ...  8.740e-01  4.816e-01]\n",
      "    nfev: 43\n",
      "    fjac: [[-5.762e-02 -1.287e-10 ... -3.694e-03 -4.150e-03]\n",
      "           [-4.342e-02  8.220e-11 ...  5.547e-02  1.925e-03]\n",
      "           ...\n",
      "           [-3.699e-01 -2.624e-01 ... -2.441e-01 -2.463e-01]\n",
      "           [ 7.267e-02 -7.356e-02 ...  1.403e-03  3.352e-03]]\n",
      "       r: [-1.736e+01  1.018e+00 ...  4.769e-01  1.971e-01]\n",
      "     qtf: [-2.940e-11  7.020e-11 ... -4.667e-13  4.077e-13]\n",
      "warning: function C:\\dynare\\6.1\\matlab\\+identification\\display.m shadows a built-in function\n",
      "warning: function C:\\dynare\\6.1\\matlab\\+identification\\display.m shadows a built-in function\n",
      "warning: function C:\\dynare\\6.1\\matlab\\+identification\\display.m shadows a built-in function\n",
      "Starting Dynare (version 6.1).\n",
      "Calling Dynare with arguments: none\n",
      "Starting preprocessing of the model file ...\n",
      "Found 17 equation(s).\n",
      "Evaluating expressions...\n",
      "Computing static model derivatives (order 1).\n",
      "Normalizing the static model...\n",
      "Finding the optimal block decomposition of the static model...\n",
      "5 block(s) found:\n",
      "  4 recursive block(s) and 1 simultaneous block(s).\n",
      "  the largest simultaneous block has 11 equation(s)\n",
      "                                 and 11 feedback variable(s).\n",
      "Computing dynamic model derivatives (order 1).\n",
      "Normalizing the dynamic model...\n",
      "Finding the optimal block decomposition of the dynamic model...\n",
      "3 block(s) found:\n",
      "  2 recursive block(s) and 1 simultaneous block(s).\n",
      "  the largest simultaneous block has 11 equation(s)\n",
      "                                 and 11 feedback variable(s).\n",
      "Preprocessing completed.\n",
      "Preprocessing time: 0h00m00s.\n",
      "\n",
      "STEADY-STATE RESULTS:\n",
      "\n",
      "n_0 \t\t 0.436782\n",
      "n_1 \t\t 0.281609\n",
      "n_2 \t\t 0.281609\n",
      "s_0 \t\t 0.436782\n",
      "s_1 \t\t 0.281609\n",
      "s_2 \t\t 0.281609\n",
      "k   \t\t 9.63139\n",
      "k_0 \t\t 9.63139\n",
      "k_1 \t\t 9.63139\n",
      "k_2 \t\t 9.63139\n",
      "c_0 \t\t 0.87396\n",
      "c_1 \t\t 0.87396\n",
      "c_2 \t\t 0.87396\n",
      "i   \t\t 0.48157\n",
      "a_0 \t\t 0\n",
      "a_1 \t\t 0\n",
      "a_2 \t\t 0\n",
      "\n",
      "EIGENVALUES:\n",
      "         Modulus             Real        Imaginary\n",
      "               0                0                0\n",
      "               0                0                0\n",
      "               0                0                0\n",
      "             0.8              0.8                0\n",
      "             0.8              0.8                0\n",
      "             0.8              0.8                0\n",
      "          0.9105           0.9105                0\n",
      "            1.22             1.22                0\n",
      "       4.593e+16       -4.593e+16                0\n",
      "        1.58e+17        -1.58e+17                0\n",
      "       1.867e+17        1.867e+17                0\n",
      "       3.701e+17        3.701e+17                0\n",
      "       4.233e+17        4.233e+17                0\n",
      "       1.647e+18        1.647e+18                0\n",
      "        2.18e+18         2.18e+18                0\n",
      "       2.716e+18        2.716e+18                0\n",
      "       5.634e+18       -5.634e+18                0\n",
      "       7.007e+32       -7.007e+32                0\n",
      "       1.562e+34       -1.562e+34                0\n",
      "       6.021e+34       -6.021e+34                0\n",
      "\n",
      "There are 13 eigenvalue(s) larger than 1 in modulus for 13 forward-looking variable(s)\n",
      "The rank condition is verified.\n",
      "\n",
      "\n",
      "MODEL SUMMARY\n",
      "\n",
      "  Number of variables:         17\n",
      "  Number of stochastic shocks: 3\n",
      "  Number of state variables:   7\n",
      "  Number of jumpers:           13\n",
      "  Number of static variables:  3\n",
      "\n",
      "\n",
      "MATRIX OF COVARIANCE OF EXOGENOUS SHOCKS\n",
      "Variables    a_0_shock  a_1_shock  a_2_shock\n",
      "a_0_shock     0.500000   0.000000   0.000000\n",
      "a_1_shock     0.000000   0.500000   0.000000\n",
      "a_2_shock     0.000000   0.000000   0.500000\n",
      "\n",
      "POLICY AND TRANSITION FUNCTIONS\n",
      "                                 n_0             n_1             n_2             s_0             s_1             s_2               k             k_0             k_1             k_2             c_0             c_1             c_2               i             a_0             a_1             a_2\n",
      "Constant                    0.436782        0.281609        0.281609        0.436782        0.281609        0.281609        9.631391        9.631391        9.631391        9.631391        0.873960        0.873960        0.873960        0.481570               0               0               0\n",
      "k(-1)                      -0.013866        0.006933        0.006933       -0.013866        0.006933        0.006933        0.910451        1.000000        1.000000        1.000000        0.066887        0.066887        0.066887       -0.039549               0               0               0\n",
      "a_0(-1)                     0.220202       -0.110101       -0.110101        0.220202       -0.110101       -0.110101        1.759918               0               0               0        0.007891       -0.341693       -0.341693        1.759918        0.800000               0               0\n",
      "a_1(-1)                     0.037548       -0.075096        0.037548        0.037548       -0.075096        0.037548               0               0               0               0        0.116528        0.466112        0.116528               0               0        0.800000               0\n",
      "a_2(-1)                     0.037548        0.037548       -0.075096        0.037548        0.037548       -0.075096               0               0               0               0        0.116528        0.116528        0.466112               0               0               0        0.800000\n",
      "a_0_shock                   0.275253       -0.137626       -0.137626        0.275253       -0.137626       -0.137626        2.199898               0               0               0        0.009864       -0.427116       -0.427116        2.199898        1.000000               0               0\n",
      "a_1_shock                   0.046935       -0.093870        0.046935        0.046935       -0.093870        0.046935               0               0               0               0        0.145660        0.582640        0.145660               0               0        1.000000               0\n",
      "a_2_shock                   0.046935        0.046935       -0.093870        0.046935        0.046935       -0.093870               0               0               0               0        0.145660        0.145660        0.582640               0               0               0        1.000000\n",
      "\n",
      "\n",
      "MOMENTS OF SIMULATED VARIABLES\n",
      "VARIABLE              MEAN       STD. DEV.        VARIANCE        SKEWNESS        KURTOSIS\n",
      "n_0               0.439266        0.304077        0.092463       -0.007368       -0.053389\n",
      "n_1               0.279362        0.192783        0.037165        0.007486        0.039174\n",
      "n_2               0.281371        0.193841        0.037574        0.049846        0.115732\n",
      "s_0               0.439266        0.304077        0.092463       -0.007368       -0.053389\n",
      "s_1               0.279362        0.192783        0.037165        0.007486        0.039174\n",
      "s_2               0.281371        0.193841        0.037574        0.049846        0.115732\n",
      "k                 8.663616       15.748559      248.017101       -0.027260        0.437267\n",
      "k_0               8.664307       15.748523      248.015981       -0.027390        0.437302\n",
      "k_1               8.664307       15.748523      248.015981       -0.027390        0.437302\n",
      "k_2               8.664307       15.748523      248.015981       -0.027390        0.437302\n",
      "c_0               0.808875        1.080959        1.168472       -0.015368        0.436001\n",
      "c_1               0.829319        1.159387        1.344177        0.007994        0.225620\n",
      "c_2               0.823083        1.151433        1.325799       -0.049610        0.252920\n",
      "i                 0.432525        2.368432        5.609472       -0.011218       -0.018592\n",
      "a_0              -0.039680        1.182799        1.399013       -0.015857        0.053568\n",
      "a_1               0.007106        1.219070        1.486131        0.044072        0.026647\n",
      "a_2              -0.007164        1.159307        1.343993       -0.005941        0.041842\n",
      "\n",
      "\n",
      "CORRELATION OF SIMULATED VARIABLES\n",
      "VARIABLE        n_0      n_1      n_2      s_0      s_1      s_2        k      k_0      k_1      k_2      c_0      c_1      c_2        i      a_0      a_1      a_2\n",
      "n_0          1.0000  -0.7852  -0.7878   1.0000  -0.7852  -0.7878  -0.0734  -0.2125  -0.2125  -0.2125  -0.1385  -0.3698  -0.3687   0.8540   0.7265   0.1810   0.1986\n",
      "n_1         -0.7852   1.0000   0.2371  -0.7852   1.0000   0.2371   0.0835   0.1909   0.1909   0.1909   0.1252   0.0871   0.4834  -0.6507  -0.5465  -0.5948   0.2739\n",
      "n_2         -0.7878   0.2371   1.0000  -0.7878   0.2371   1.0000   0.0322   0.1435   0.1435   0.1435   0.0927   0.4935   0.0976  -0.6925  -0.5960   0.3076  -0.5840\n",
      "s_0          1.0000  -0.7852  -0.7878   1.0000  -0.7852  -0.7878  -0.0734  -0.2125  -0.2125  -0.2125  -0.1385  -0.3698  -0.3687   0.8540   0.7265   0.1810   0.1986\n",
      "s_1         -0.7852   1.0000   0.2371  -0.7852   1.0000   0.2371   0.0835   0.1909   0.1909   0.1909   0.1252   0.0871   0.4834  -0.6507  -0.5465  -0.5948   0.2739\n",
      "s_2         -0.7878   0.2371   1.0000  -0.7878   0.2371   1.0000   0.0322   0.1435   0.1435   0.1435   0.0927   0.4935   0.0976  -0.6925  -0.5960   0.3076  -0.5840\n",
      "k           -0.0734   0.0835   0.0322  -0.0734   0.0835   0.0322   1.0000   0.9894   0.9894   0.9894   0.9657   0.6126   0.6434   0.3994   0.6003  -0.0438   0.0143\n",
      "k_0         -0.2125   0.1909   0.1435  -0.2125   0.1909   0.1435   0.9894   1.0000   1.0000   1.0000   0.9743   0.6760   0.7048   0.2621   0.4779  -0.0423   0.0106\n",
      "k_1         -0.2125   0.1909   0.1435  -0.2125   0.1909   0.1435   0.9894   1.0000   1.0000   1.0000   0.9743   0.6760   0.7048   0.2621   0.4779  -0.0423   0.0106\n",
      "k_2         -0.2125   0.1909   0.1435  -0.2125   0.1909   0.1435   0.9894   1.0000   1.0000   1.0000   0.9743   0.6760   0.7048   0.2621   0.4779  -0.0423   0.0106\n",
      "c_0         -0.1385   0.1252   0.0927  -0.1385   0.1252   0.0927   0.9657   0.9743   0.9743   0.9743   1.0000   0.7756   0.7975   0.2663   0.4756   0.1202   0.1642\n",
      "c_1         -0.3698   0.0871   0.4935  -0.3698   0.0871   0.4935   0.6126   0.6760   0.6760   0.6760   0.7756   1.0000   0.7943  -0.1967  -0.0172   0.5860   0.1330\n",
      "c_2         -0.3687   0.4834   0.0976  -0.3687   0.4834   0.0976   0.6434   0.7048   0.7048   0.7048   0.7975   0.7943   1.0000  -0.1743   0.0101   0.1202   0.5814\n",
      "i            0.8540  -0.6507  -0.6925   0.8540  -0.6507  -0.6925   0.3994   0.2621   0.2621   0.2621   0.2663  -0.1967  -0.1743   1.0000   0.9730  -0.0244   0.0283\n",
      "a_0          0.7265  -0.5465  -0.5960   0.7265  -0.5465  -0.5960   0.6003   0.4779   0.4779   0.4779   0.4756  -0.0172   0.0101   0.9730   1.0000  -0.0323   0.0283\n",
      "a_1          0.1810  -0.5948   0.3076   0.1810  -0.5948   0.3076  -0.0438  -0.0423  -0.0423  -0.0423   0.1202   0.5860   0.1202  -0.0244  -0.0323   1.0000  -0.0162\n",
      "a_2          0.1986   0.2739  -0.5840   0.1986   0.2739  -0.5840   0.0143   0.0106   0.0106   0.0106   0.1642   0.1330   0.5814   0.0283   0.0283  -0.0162   1.0000\n",
      "\n",
      "\n",
      "AUTOCORRELATION OF SIMULATED VARIABLES\n",
      "VARIABLE         1       2       3       4       5\n",
      "n_0         0.7341  0.5321  0.3739  0.2511  0.1464\n",
      "n_1         0.7584  0.5742  0.4275  0.3120  0.2130\n",
      "n_2         0.7631  0.5799  0.4328  0.3160  0.2195\n",
      "s_0         0.7341  0.5321  0.3739  0.2511  0.1464\n",
      "s_1         0.7584  0.5742  0.4275  0.3120  0.2130\n",
      "s_2         0.7631  0.5799  0.4328  0.3160  0.2195\n",
      "k           0.9893  0.9634  0.9267  0.8827  0.8339\n",
      "k_0         0.9893  0.9634  0.9267  0.8827  0.8339\n",
      "k_1         0.9893  0.9634  0.9267  0.8827  0.8339\n",
      "k_2         0.9893  0.9634  0.9267  0.8827  0.8339\n",
      "c_0         0.9799  0.9475  0.9064  0.8597  0.8093\n",
      "c_1         0.8663  0.7532  0.6579  0.5778  0.5092\n",
      "c_2         0.8684  0.7617  0.6702  0.5918  0.5236\n",
      "i           0.7515  0.5616  0.4118  0.2936  0.1953\n",
      "a_0         0.8005  0.6444  0.5179  0.4150  0.3268\n",
      "a_1         0.8051  0.6476  0.5223  0.4261  0.3462\n",
      "a_2         0.7965  0.6431  0.5179  0.4181  0.3347\n",
      "\n",
      "\n",
      "\n",
      "VARIANCE DECOMPOSITION SIMULATING ONE SHOCK AT A TIME (in percent)\n",
      "              a_0_shock         a_1_shock         a_2_shock  Tot. lin. contr.\n",
      "n_0               92.72              3.54              3.20             99.47\n",
      "n_1               57.67             35.24              7.97            100.88\n",
      "n_2               57.04              8.71             31.52             97.28\n",
      "s_0               92.72              3.54              3.20             99.47\n",
      "s_1               57.67             35.24              7.97            100.88\n",
      "s_2               57.04              8.71             31.52             97.28\n",
      "k                100.01              0.00              0.00            100.01\n",
      "k_0              100.01              0.00              0.00            100.01\n",
      "k_1              100.01              0.00              0.00            100.01\n",
      "k_2              100.01              0.00              0.00            100.01\n",
      "c_0               95.99              2.70              2.44            101.13\n",
      "c_1               63.70             37.54              2.12            103.36\n",
      "c_2               64.58              2.38             34.42            101.38\n",
      "i                100.01              0.00              0.00            100.01\n",
      "a_0              100.01              0.00              0.00            100.01\n",
      "a_1                0.00            100.01              0.00            100.01\n",
      "a_2                0.00              0.00            100.01            100.01\n",
      "Note: numbers do not add up to 100 due to non-zero correlation of simulated shocks in small samples\n",
      "\n",
      "Total computing time : 0h00m02s\n",
      "warning: load: classdef element has been converted to a struct\n",
      "warning: called from\n",
      "    _pyeval at line 28 column 9\n",
      "\n",
      "warning: load: classdef element has been converted to a struct\n",
      "warning: called from\n",
      "    _pyeval at line 28 column 9\n",
      "\n",
      " message: The solution converged.\n",
      " success: True\n",
      "  status: 1\n",
      "     fun: [-1.110e-16  0.000e+00 ... -2.920e-14  2.132e-14]\n",
      "       x: [ 4.368e-01  2.816e-01 ...  8.740e-01  4.816e-01]\n",
      "    nfev: 43\n",
      "    fjac: [[-5.762e-02 -1.287e-10 ... -3.694e-03 -4.150e-03]\n",
      "           [-4.342e-02  8.220e-11 ...  5.547e-02  1.925e-03]\n",
      "           ...\n",
      "           [-3.699e-01 -2.624e-01 ... -2.441e-01 -2.463e-01]\n",
      "           [ 7.267e-02 -7.356e-02 ...  1.403e-03  3.352e-03]]\n",
      "       r: [-1.736e+01  1.018e+00 ...  4.769e-01  1.971e-01]\n",
      "     qtf: [-2.940e-11  7.020e-11 ... -4.667e-13  4.077e-13]\n",
      "Starting Dynare (version 6.1).\n",
      "Calling Dynare with arguments: none\n",
      "Starting preprocessing of the model file ...\n",
      "Found 17 equation(s).\n",
      "Evaluating expressions...\n",
      "Computing static model derivatives (order 1).\n",
      "Normalizing the static model...\n",
      "Finding the optimal block decomposition of the static model...\n",
      "5 block(s) found:\n",
      "  4 recursive block(s) and 1 simultaneous block(s).\n",
      "  the largest simultaneous block has 11 equation(s)\n",
      "                                 and 11 feedback variable(s).\n",
      "Computing dynamic model derivatives (order 1).\n",
      "Normalizing the dynamic model...\n",
      "Finding the optimal block decomposition of the dynamic model...\n",
      "3 block(s) found:\n",
      "  2 recursive block(s) and 1 simultaneous block(s).\n",
      "  the largest simultaneous block has 11 equation(s)\n",
      "                                 and 11 feedback variable(s).\n",
      "Preprocessing completed.\n",
      "Preprocessing time: 0h00m00s.\n",
      "\n",
      "STEADY-STATE RESULTS:\n",
      "\n",
      "n_0 \t\t 0.436782\n",
      "n_1 \t\t 0.281609\n",
      "n_2 \t\t 0.281609\n",
      "s_0 \t\t 0.436782\n",
      "s_1 \t\t 0.281609\n",
      "s_2 \t\t 0.281609\n",
      "k   \t\t 9.63139\n",
      "k_0 \t\t 9.63139\n",
      "k_1 \t\t 9.63139\n",
      "k_2 \t\t 9.63139\n",
      "c_0 \t\t 0.87396\n",
      "c_1 \t\t 0.87396\n",
      "c_2 \t\t 0.87396\n",
      "i   \t\t 0.48157\n",
      "a_0 \t\t 0\n",
      "a_1 \t\t 0\n",
      "a_2 \t\t 0\n",
      "\n",
      "EIGENVALUES:\n",
      "         Modulus             Real        Imaginary\n",
      "       7.176e-17        7.176e-17                0\n",
      "          0.4514           0.4514                0\n",
      "          0.5532           0.5532                0\n",
      "             0.8              0.8                0\n",
      "             0.8              0.8                0\n",
      "             0.8              0.8                0\n",
      "          0.9099           0.9099                0\n",
      "           1.224            1.224                0\n",
      "           1.803            1.803                0\n",
      "           2.215            2.215                0\n",
      "             Inf             -Inf                0\n",
      "             Inf              Inf                0\n",
      "             Inf             -Inf                0\n",
      "             Inf              Inf                0\n",
      "             Inf             -Inf                0\n",
      "             Inf              Inf                0\n",
      "             Inf              Inf                0\n",
      "             Inf              Inf                0\n",
      "             Inf              Inf                0\n",
      "             Inf             -Inf                0\n",
      "\n",
      "There are 13 eigenvalue(s) larger than 1 in modulus for 13 forward-looking variable(s)\n",
      "The rank condition is verified.\n",
      "\n",
      "\n",
      "MODEL SUMMARY\n",
      "\n",
      "  Number of variables:         17\n",
      "  Number of stochastic shocks: 3\n",
      "  Number of state variables:   7\n",
      "  Number of jumpers:           13\n",
      "  Number of static variables:  3\n",
      "\n",
      "\n",
      "MATRIX OF COVARIANCE OF EXOGENOUS SHOCKS\n",
      "Variables    a_0_shock  a_1_shock  a_2_shock\n",
      "a_0_shock     0.500000   0.000000   0.000000\n",
      "a_1_shock     0.000000   0.500000   0.000000\n",
      "a_2_shock     0.000000   0.000000   0.500000\n",
      "\n",
      "POLICY AND TRANSITION FUNCTIONS\n",
      "                                 n_0             n_1             n_2             s_0             s_1             s_2               k             k_0             k_1             k_2             c_0             c_1             c_2               i             a_0             a_1             a_2\n",
      "Constant                    0.436782        0.281609        0.281609        0.436782        0.281609        0.281609        9.631391        9.631391        9.631391        9.631391        0.873960        0.873960        0.873960        0.481570               0               0               0\n",
      "k(-1)                      -0.005831        0.002915        0.002915       -0.012092        0.006046        0.006046        0.927722        0.861934        1.107072        1.107072        0.064837        0.059276        0.059276       -0.022278               0               0               0\n",
      "n_0(-1)                     0.301527       -0.150763       -0.150763        0.065875       -0.032938       -0.032938        0.645864       -5.196305        4.029788        4.029788       -0.075757       -0.285053       -0.285053        0.645864               0               0               0\n",
      "n_1(-1)                    -0.233837        0.342627       -0.108790       -0.051087       -0.049693        0.100779       -0.500874        4.029788      -13.417813        7.167530        0.058751        0.454553       -0.012430       -0.500874               0               0               0\n",
      "n_2(-1)                    -0.233837       -0.108790        0.342627       -0.051087        0.100779       -0.049693       -0.500874        4.029788        7.167530      -13.417813        0.058751       -0.012430        0.454553       -0.500874               0               0               0\n",
      "a_0(-1)                     0.072807       -0.036403       -0.036403        0.186367       -0.093183       -0.093183        1.438948        2.504098       -1.941953       -1.941953        0.047641       -0.201083       -0.201083        1.438948        0.800000               0               0\n",
      "a_1(-1)                     0.014105       -0.033583        0.019479        0.032262       -0.082383        0.050121       -0.050742        0.400385       -1.669019        1.048013        0.122691        0.519220        0.107999       -0.050742               0        0.800000               0\n",
      "a_2(-1)                     0.014105        0.019479       -0.033583        0.032262        0.050121       -0.082383       -0.050742        0.400385        1.048013       -1.669019        0.122691        0.107999        0.519220       -0.050742               0               0        0.800000\n",
      "a_0_shock                   0.091008       -0.045504       -0.045504        0.232959       -0.116479       -0.116479        1.798685        3.130122       -2.427442       -2.427442        0.059552       -0.251354       -0.251354        1.798685        1.000000               0               0\n",
      "a_1_shock                   0.017631       -0.041979        0.024348        0.040328       -0.102979        0.062651       -0.063428        0.500482       -2.086274        1.310017        0.153364        0.649024        0.134999       -0.063428               0        1.000000               0\n",
      "a_2_shock                   0.017631        0.024348       -0.041979        0.040328        0.062651       -0.102979       -0.063428        0.500482        1.310017       -2.086274        0.153364        0.134999        0.649024       -0.063428               0               0        1.000000\n",
      "\n",
      "\n",
      "MOMENTS OF SIMULATED VARIABLES\n",
      "VARIABLE              MEAN       STD. DEV.        VARIANCE        SKEWNESS        KURTOSIS\n",
      "n_0               0.440574        0.195672        0.038288       -0.022873       -0.025472\n",
      "n_1               0.278863        0.134423        0.018070        0.008483        0.065452\n",
      "n_2               0.280563        0.134469        0.018082        0.054311        0.170329\n",
      "s_0               0.439095        0.277901        0.077229       -0.011329       -0.053996\n",
      "s_1               0.279397        0.189671        0.035975        0.015935        0.043453\n",
      "s_2               0.281509        0.190959        0.036465        0.056804        0.117629\n",
      "k                 8.711881       14.902458      222.083266       -0.028850        0.443195\n",
      "k_0               8.679826       15.025429      225.763502       -0.029965        0.467886\n",
      "k_1               8.730702       15.232602      232.032155       -0.033498        0.397382\n",
      "k_2               8.744786       15.204681      231.182335       -0.019197        0.374576\n",
      "c_0               0.811492        1.025902        1.052474       -0.015900        0.450917\n",
      "c_1               0.830782        1.108760        1.229349        0.015821        0.241933\n",
      "c_2               0.824227        1.098287        1.206235       -0.050065        0.287965\n",
      "i                 0.435057        2.130501        4.539036       -0.014554       -0.002441\n",
      "a_0              -0.039680        1.182799        1.399013       -0.015857        0.053568\n",
      "a_1               0.007106        1.219070        1.486131        0.044072        0.026647\n",
      "a_2              -0.007164        1.159307        1.343993       -0.005941        0.041842\n",
      "\n",
      "\n",
      "CORRELATION OF SIMULATED VARIABLES\n",
      "VARIABLE        n_0      n_1      n_2      s_0      s_1      s_2        k      k_0      k_1      k_2      c_0      c_1      c_2        i      a_0      a_1      a_2\n",
      "n_0          1.0000  -0.7276  -0.7278   0.9398  -0.6860  -0.6864  -0.1690  -0.1905  -0.3552  -0.3579  -0.1813  -0.3064  -0.3066   0.7382   0.6118   0.1964   0.2111\n",
      "n_1         -0.7276   1.0000   0.0591  -0.6807   0.9370   0.0599   0.1562   0.1702   0.3329   0.2439   0.1541  -0.0158   0.4539  -0.5084  -0.4136  -0.6240   0.3016\n",
      "n_2         -0.7278   0.0591   1.0000  -0.6871   0.0615   0.9389   0.0898   0.1070   0.1841   0.2770   0.1098   0.4617  -0.0076  -0.5660  -0.4768   0.3379  -0.6087\n",
      "s_0          0.9398  -0.6807  -0.6871   1.0000  -0.7279  -0.7323  -0.0888  -0.0790  -0.3186  -0.3211  -0.1044  -0.2742  -0.2719   0.8324   0.7355   0.1878   0.2069\n",
      "s_1         -0.6860   0.9370   0.0615  -0.7279   1.0000   0.0661   0.0917   0.0829   0.3233   0.1904   0.0925  -0.0575   0.4422  -0.5831  -0.5105  -0.6365   0.3244\n",
      "s_2         -0.6864   0.0599   0.9389  -0.7323   0.0661   1.0000   0.0381   0.0326   0.1424   0.2781   0.0601   0.4562  -0.0436  -0.6322  -0.5632   0.3590  -0.6233\n",
      "k           -0.1690   0.1562   0.0898  -0.0888   0.0917   0.0381   1.0000   0.9948   0.9610   0.9601   0.9648   0.6056   0.6400   0.4125   0.5735  -0.0543   0.0030\n",
      "k_0         -0.1905   0.1702   0.1070  -0.0790   0.0829   0.0326   0.9948   1.0000   0.9481   0.9476   0.9701   0.6262   0.6590   0.4089   0.5768  -0.0300   0.0251\n",
      "k_1         -0.3552   0.3329   0.1841  -0.3186   0.3233   0.1424   0.9610   0.9481   1.0000   0.9700   0.9404   0.6215   0.7239   0.1827   0.3537  -0.1322   0.0484\n",
      "k_2         -0.3579   0.2439   0.2770  -0.3211   0.1904   0.2781   0.9601   0.9476   0.9700   1.0000   0.9418   0.6987   0.6574   0.1777   0.3494   0.0024  -0.0823\n",
      "c_0         -0.1813   0.1541   0.1098  -0.1044   0.0925   0.0601   0.9648   0.9701   0.9404   0.9418   1.0000   0.7648   0.7893   0.3129   0.4847   0.1256   0.1691\n",
      "c_1         -0.3064  -0.0158   0.4617  -0.2742  -0.0575   0.4562   0.6056   0.6262   0.6215   0.6987   0.7648   1.0000   0.7325  -0.1194   0.0338   0.6437   0.1281\n",
      "c_2         -0.3066   0.4539  -0.0076  -0.2719   0.4422  -0.0436   0.6400   0.6590   0.7239   0.6574   0.7893   0.7325   1.0000  -0.0919   0.0644   0.1150   0.6395\n",
      "i            0.7382  -0.5084  -0.5660   0.8324  -0.5831  -0.6322   0.4125   0.4089   0.1827   0.1777   0.3129  -0.1194  -0.0919   1.0000   0.9798  -0.0437   0.0125\n",
      "a_0          0.6118  -0.4136  -0.4768   0.7355  -0.5105  -0.5632   0.5735   0.5768   0.3537   0.3494   0.4847   0.0338   0.0644   0.9798   1.0000  -0.0323   0.0283\n",
