Starting Dynare (version 6.1).
Calling Dynare with arguments: none
Preprocessing time: 0h00m00s.

STEADY-STATE RESULTS:

n_0 		 0.436782
n_1 		 0.281609
n_2 		 0.281609
s_0 		 0.436782
s_1 		 0.281609
s_2 		 0.281609
k   		 9.63139
k_0 		 9.63139
k_1 		 9.63139
k_2 		 9.63139
c_0 		 0.87396
c_1 		 0.87396
c_2 		 0.87396
i   		 0.48157
a_0 		 0
a_1 		 0
a_2 		 0

EIGENVALUES:
         Modulus             Real        Imaginary
               0                0                0
               0                0                0
               0                0                0
             0.8              0.8                0
             0.8              0.8                0
             0.8              0.8                0
          0.9314           0.9314                0
           1.193            1.193                0
       4.865e+16       -4.865e+16                0
       6.047e+16        6.047e+16                0
       1.008e+17       -1.008e+17                0
       1.509e+17        1.509e+17                0
       4.993e+17        4.993e+17                0
       1.059e+18       -1.059e+18                0
       1.428e+18       -1.428e+18                0
       2.419e+18       -2.419e+18                0
        4.28e+19         4.28e+19                0
        5.27e+32        -5.27e+32                0
       9.292e+34        9.292e+34                0
       1.603e+35       -1.603e+35                0

There are 13 eigenvalue(s) larger than 1 in modulus for 13 forward-looking variable(s)
The rank condition is verified.


MODEL SUMMARY

  Number of variables:         17
  Number of stochastic shocks: 3
  Number of state variables:   7
  Number of jumpers:           13
  Number of static variables:  3


MATRIX OF COVARIANCE OF EXOGENOUS SHOCKS
Variables    a_0_shock  a_1_shock  a_2_shock
a_0_shock     0.500000   0.000000   0.000000
a_1_shock     0.000000   0.500000   0.000000
a_2_shock     0.000000   0.000000   0.500000

POLICY AND TRANSITION FUNCTIONS
                                 n_0             n_1             n_2             s_0             s_1             s_2               k             k_0             k_1             k_2             c_0             c_1             c_2               i             a_0             a_1             a_2
Constant                    0.436782        0.281609        0.281609        0.436782        0.281609        0.281609        9.631391        9.631391        9.631391        9.631391        0.873960        0.873960        0.873960        0.481570               0               0               0
k(-1)                      -0.009373        0.004687        0.004687       -0.009373        0.004687        0.004687        0.931366        1.000000        1.000000        1.000000        0.059915        0.059915        0.059915       -0.018634               0               0               0
a_0(-1)                     0.113568       -0.056784       -0.056784        0.113568       -0.056784       -0.056784        1.263520               0               0               0        0.173357       -0.176227       -0.176227        1.263520        0.800000               0               0
a_1(-1)                     0.037548       -0.075096        0.037548        0.037548       -0.075096        0.037548               0               0               0               0        0.116528        0.466112        0.116528               0               0        0.800000               0
a_2(-1)                     0.037548        0.037548       -0.075096        0.037548        0.037548       -0.075096               0               0               0               0        0.116528        0.116528        0.466112               0               0               0        0.800000
a_0_shock                   0.141961       -0.070980       -0.070980        0.141961       -0.070980       -0.070980        1.579400               0               0               0        0.216696       -0.220284       -0.220284        1.579400        1.000000               0               0
a_1_shock                   0.046935       -0.093870        0.046935        0.046935       -0.093870        0.046935               0               0               0               0        0.145660        0.582640        0.145660               0               0        1.000000               0
a_2_shock                   0.046935        0.046935       -0.093870        0.046935        0.046935       -0.093870               0               0               0               0        0.145660        0.145660        0.582640               0               0               0        1.000000


MOMENTS OF SIMULATED VARIABLES
VARIABLE              MEAN       STD. DEV.        VARIANCE        SKEWNESS        KURTOSIS
n_0               0.437170        0.182953        0.033472       -0.161402       -0.154825
n_1               0.279061        0.148852        0.022157       -0.050360        0.323860
n_2               0.283770        0.164894        0.027190        0.007309        0.293843
s_0               0.437170        0.182953        0.033472       -0.161402       -0.154825
s_1               0.279061        0.148852        0.022157       -0.050360        0.323860
s_2               0.283770        0.164894        0.027190        0.007309        0.293843
k                 9.738109       13.698613      187.651986       -0.297322        0.006341
k_0               9.743161       13.697670      187.626159       -0.298441        0.007591
k_1               9.743161       13.697670      187.626159       -0.298441        0.007591
k_2               9.743161       13.697670      187.626159       -0.298441        0.007591
c_0               0.884740        0.959687        0.921000       -0.391170        0.551320
c_1               0.896910        0.980123        0.960642       -0.213532        0.010455
c_2               0.882296        1.043733        1.089379       -0.239139        0.949536
i                 0.482106        1.829215        3.346029       -0.223743        0.263827
a_0               0.001658        1.218694        1.485214       -0.240182        0.289392
a_1               0.029507        1.287395        1.657386        0.134442        0.265584
a_2              -0.003936        1.246392        1.553494       -0.025031        0.042011


CORRELATION OF SIMULATED VARIABLES
VARIABLE        n_0      n_1      n_2      s_0      s_1      s_2        k      k_0      k_1      k_2      c_0      c_1      c_2        i      a_0      a_1      a_2
n_0          1.0000  -0.5221  -0.6382   1.0000  -0.5221  -0.6382  -0.2498  -0.3566  -0.3566  -0.3566  -0.0278  -0.2186  -0.1234   0.6659   0.5855   0.2209   0.3850
n_1         -0.5221   1.0000  -0.3234  -0.5221   1.0000  -0.3234   0.3647   0.4080   0.4080   0.4080   0.2403  -0.1415   0.4683  -0.1712  -0.1086  -0.7592   0.3679
n_2         -0.6382  -0.3234   1.0000  -0.6382  -0.3234   1.0000  -0.0521   0.0273   0.0273   0.0273  -0.1860   0.3702  -0.2858  -0.5842  -0.5516   0.4402  -0.7592
s_0          1.0000  -0.5221  -0.6382   1.0000  -0.5221  -0.6382  -0.2498  -0.3566  -0.3566  -0.3566  -0.0278  -0.2186  -0.1234   0.6659   0.5855   0.2209   0.3850
s_1         -0.5221   1.0000  -0.3234  -0.5221   1.0000  -0.3234   0.3647   0.4080   0.4080   0.4080   0.2403  -0.1415   0.4683  -0.1712  -0.1086  -0.7592   0.3679
s_2         -0.6382  -0.3234   1.0000  -0.6382  -0.3234   1.0000  -0.0521   0.0273   0.0273   0.0273  -0.1860   0.3702  -0.2858  -0.5842  -0.5516   0.4402  -0.7592
k           -0.2498   0.3647  -0.0521  -0.2498   0.3647  -0.0521   1.0000   0.9919   0.9919   0.9919   0.9581   0.4860   0.6433   0.4323   0.5424  -0.2743   0.0750
k_0         -0.3566   0.4080   0.0273  -0.3566   0.4080   0.0273   0.9919   1.0000   1.0000   1.0000   0.9367   0.5391   0.6734   0.3145   0.4315  -0.2503   0.0619
k_1         -0.3566   0.4080   0.0273  -0.3566   0.4080   0.0273   0.9919   1.0000   1.0000   1.0000   0.9367   0.5391   0.6734   0.3145   0.4315  -0.2503   0.0619
k_2         -0.3566   0.4080   0.0273  -0.3566   0.4080   0.0273   0.9919   1.0000   1.0000   1.0000   0.9367   0.5391   0.6734   0.3145   0.4315  -0.2503   0.0619
c_0         -0.0278   0.2403  -0.1860  -0.0278   0.2403  -0.1860   0.9581   0.9367   0.9367   0.9367   1.0000   0.5879   0.7496   0.5115   0.6103  -0.1039   0.2713
c_1         -0.2186  -0.1415   0.3702  -0.2186  -0.1415   0.3702   0.4860   0.5391   0.5391   0.5391   0.5879   1.0000   0.6949  -0.1951  -0.1140   0.6314   0.1844
c_2         -0.1234   0.4683  -0.2858  -0.1234   0.4683  -0.2858   0.6433   0.6734   0.6734   0.6734   0.7496   0.6949   1.0000   0.0274   0.1154   0.0411   0.7082
i            0.6659  -0.1712  -0.5842   0.6659  -0.1712  -0.5842   0.4323   0.3145   0.3145   0.3145   0.5115  -0.1951   0.0274   1.0000   0.9920  -0.2734   0.1213
a_0          0.5855  -0.1086  -0.5516   0.5855  -0.1086  -0.5516   0.5424   0.4315   0.4315   0.4315   0.6103  -0.1140   0.1154   0.9920   1.0000  -0.2930   0.1235
a_1          0.2209  -0.7592   0.4402   0.2209  -0.7592   0.4402  -0.2743  -0.2503  -0.2503  -0.2503  -0.1039   0.6314   0.0411  -0.2734  -0.2930   1.0000  -0.0246
a_2          0.3850   0.3679  -0.7592   0.3850   0.3679  -0.7592   0.0750   0.0619   0.0619   0.0619   0.2713   0.1844   0.7082   0.1213   0.1235  -0.0246   1.0000


AUTOCORRELATION OF SIMULATED VARIABLES
VARIABLE         1       2       3       4       5
n_0         0.7848  0.6032  0.4538  0.3321  0.2578
n_1         0.8014  0.6436  0.5300  0.4502  0.3954
n_2         0.8232  0.6701  0.5354  0.4173  0.3282
s_0         0.7848  0.6032  0.4538  0.3321  0.2578
s_1         0.8014  0.6436  0.5300  0.4502  0.3954
s_2         0.8232  0.6701  0.5354  0.4173  0.3282
k           0.9908  0.9704  0.9407  0.9043  0.8634
k_0         0.9908  0.9704  0.9406  0.9042  0.8633
k_1         0.9908  0.9704  0.9406  0.9042  0.8633
k_2         0.9908  0.9704  0.9406  0.9042  0.8633
c_0         0.9698  0.9326  0.8890  0.8422  0.7942
c_1         0.8618  0.7327  0.6220  0.5341  0.4491
c_2         0.8820  0.7839  0.6970  0.6310  0.5646
i           0.8026  0.6294  0.4859  0.3694  0.2893
a_0         0.8242  0.6686  0.5381  0.4308  0.3552
a_1         0.8202  0.6644  0.5434  0.4544  0.3776
a_2         0.8105  0.6656  0.5433  0.4526  0.3764



VARIANCE DECOMPOSITION SIMULATING ONE SHOCK AT A TIME (in percent)
              a_0_shock         a_1_shock         a_2_shock  Tot. lin. contr.
n_0               81.49             10.92             10.24            102.65
n_1               30.78             65.99             15.46            112.22
n_2               25.08             13.44             50.40             88.92
s_0               81.49             10.92             10.24            102.65
s_1               30.78             65.99             15.46            112.22
s_2               25.08             13.44             50.40             88.92
k                100.11              0.00              0.00            100.11
k_0              100.11              0.00              0.00            100.11
k_1              100.11              0.00              0.00            100.11
k_2              100.11              0.00              0.00            100.11
c_0              101.13              3.82              3.58            108.53
c_1               57.89             58.63              3.43            119.96
c_2               51.05              3.23             48.46            102.74
i                100.11              0.00              0.00            100.11
a_0              100.11              0.00              0.00            100.11
a_1                0.00            100.11              0.00            100.11
a_2                0.00              0.00            100.11            100.11
Note: numbers do not add up to 100 due to non-zero correlation of simulated shocks in small samples

Total computing time : 0h00m01s
