Starting Dynare (version 6.1).
Calling Dynare with arguments: none
Preprocessing time: 0h00m00s.

STEADY-STATE RESULTS:

n_0 		 0.436782
n_1 		 0.281609
n_2 		 0.281609
s_0 		 0.436782
s_1 		 0.281609
s_2 		 0.281609
k   		 9.63139
k_0 		 9.63139
k_1 		 9.63139
k_2 		 9.63139
c_0 		 0.87396
c_1 		 0.87396
c_2 		 0.87396
i   		 0.48157
a_0 		 0
a_1 		 0
a_2 		 0

EIGENVALUES:
         Modulus             Real        Imaginary
               0                0                0
               0                0                0
               0                0                0
             0.8              0.8                0
             0.8              0.8                0
             0.8              0.8                0
          0.9314           0.9314                0
           1.193            1.193                0
       4.865e+16       -4.865e+16                0
       6.047e+16        6.047e+16                0
       1.008e+17       -1.008e+17                0
       1.509e+17        1.509e+17                0
       4.993e+17        4.993e+17                0
       1.059e+18       -1.059e+18                0
       1.428e+18       -1.428e+18                0
       2.419e+18       -2.419e+18                0
        4.28e+19         4.28e+19                0
        5.27e+32        -5.27e+32                0
       9.292e+34        9.292e+34                0
       1.603e+35       -1.603e+35                0

There are 13 eigenvalue(s) larger than 1 in modulus for 13 forward-looking variable(s)
The rank condition is verified.


MODEL SUMMARY

  Number of variables:         17
  Number of stochastic shocks: 3
  Number of state variables:   7
  Number of jumpers:           13
  Number of static variables:  3


MATRIX OF COVARIANCE OF EXOGENOUS SHOCKS
Variables    a_0_shock  a_1_shock  a_2_shock
a_0_shock     0.500000   0.000000   0.000000
a_1_shock     0.000000   0.500000   0.000000
a_2_shock     0.000000   0.000000   0.500000

POLICY AND TRANSITION FUNCTIONS
                                 n_0             n_1             n_2             s_0             s_1             s_2               k             k_0             k_1             k_2             c_0             c_1             c_2               i             a_0             a_1             a_2
Constant                    0.436782        0.281609        0.281609        0.436782        0.281609        0.281609        9.631391        9.631391        9.631391        9.631391        0.873960        0.873960        0.873960        0.481570               0               0               0
k(-1)                      -0.009373        0.004687        0.004687       -0.009373        0.004687        0.004687        0.931366        1.000000        1.000000        1.000000        0.059915        0.059915        0.059915       -0.018634               0               0               0
a_0(-1)                     0.113568       -0.056784       -0.056784        0.113568       -0.056784       -0.056784        1.263520               0               0               0        0.173357       -0.176227       -0.176227        1.263520        0.800000               0               0
a_1(-1)                     0.037548       -0.075096        0.037548        0.037548       -0.075096        0.037548               0               0               0               0        0.116528        0.466112        0.116528               0               0        0.800000               0
a_2(-1)                     0.037548        0.037548       -0.075096        0.037548        0.037548       -0.075096               0               0               0               0        0.116528        0.116528        0.466112               0               0               0        0.800000
a_0_shock                   0.141961       -0.070980       -0.070980        0.141961       -0.070980       -0.070980        1.579400               0               0               0        0.216696       -0.220284       -0.220284        1.579400        1.000000               0               0
a_1_shock                   0.046935       -0.093870        0.046935        0.046935       -0.093870        0.046935               0               0               0               0        0.145660        0.582640        0.145660               0               0        1.000000               0
a_2_shock                   0.046935        0.046935       -0.093870        0.046935        0.046935       -0.093870               0               0               0               0        0.145660        0.145660        0.582640               0               0               0        1.000000


MOMENTS OF SIMULATED VARIABLES
VARIABLE              MEAN       STD. DEV.        VARIANCE        SKEWNESS        KURTOSIS
n_0               0.439654        0.179392        0.032182       -0.010339       -0.047701
n_1               0.279168        0.149851        0.022455        0.015859        0.053726
n_2               0.281177        0.148807        0.022144        0.048615        0.114616
s_0               0.439654        0.179392        0.032182       -0.010339       -0.047701
s_1               0.279168        0.149851        0.022455        0.015859        0.053726
s_2               0.281177        0.148807        0.022144        0.048615        0.114616
k                 8.723271       13.321205      177.454506       -0.029351        0.452332
k_0               8.723638       13.321175      177.453708       -0.029433        0.452366
k_1               8.723638       13.321175      177.453708       -0.029433        0.452366
k_2               8.723638       13.321175      177.453708       -0.029433        0.452366
c_0               0.810965        0.963546        0.928421       -0.004106        0.442742
c_1               0.831409        1.009005        1.018091        0.037009        0.271491
c_2               0.825173        0.999622        0.999243       -0.047350        0.280457
i                 0.435814        1.775005        3.150644       -0.014011        0.014422
a_0              -0.039680        1.182799        1.399013       -0.015857        0.053568
a_1               0.007106        1.219070        1.486131        0.044072        0.026647
a_2              -0.007164        1.159307        1.343993       -0.005941        0.041842


CORRELATION OF SIMULATED VARIABLES
VARIABLE        n_0      n_1      n_2      s_0      s_1      s_2        k      k_0      k_1      k_2      c_0      c_1      c_2        i      a_0      a_1      a_2
n_0          1.0000  -0.6044  -0.5969   1.0000  -0.6044  -0.5969  -0.1928  -0.3024  -0.3024  -0.3024   0.0316  -0.1290  -0.1356   0.7090   0.6335   0.3132   0.3187
n_1         -0.6044   1.0000  -0.2784  -0.6044   1.0000  -0.2784   0.1471   0.2099   0.2099   0.2099   0.0039  -0.2254   0.3663  -0.3927  -0.3452  -0.7690   0.3631
n_2         -0.5969  -0.2784   1.0000  -0.5969  -0.2784   1.0000   0.0844   0.1532   0.1532   0.1532  -0.0420   0.3825  -0.2055  -0.4592  -0.4160   0.3968  -0.7499
s_0          1.0000  -0.6044  -0.5969   1.0000  -0.6044  -0.5969  -0.1928  -0.3024  -0.3024  -0.3024   0.0316  -0.1290  -0.1356   0.7090   0.6335   0.3132   0.3187
s_1         -0.6044   1.0000  -0.2784  -0.6044   1.0000  -0.2784   0.1471   0.2099   0.2099   0.2099   0.0039  -0.2254   0.3663  -0.3927  -0.3452  -0.7690   0.3631
s_2         -0.5969  -0.2784   1.0000  -0.5969  -0.2784   1.0000   0.0844   0.1532   0.1532   0.1532  -0.0420   0.3825  -0.2055  -0.4592  -0.4160   0.3968  -0.7499
k           -0.1928   0.1471   0.0844  -0.1928   0.1471   0.0844   1.0000   0.9920   0.9920   0.9920   0.9600   0.6156   0.6508   0.4325   0.5428  -0.0439   0.0119
k_0         -0.3024   0.2099   0.1532  -0.3024   0.2099   0.1532   0.9920   1.0000   1.0000   1.0000   0.9370   0.6511   0.6840   0.3150   0.4322  -0.0423   0.0085
k_1         -0.3024   0.2099   0.1532  -0.3024   0.2099   0.1532   0.9920   1.0000   1.0000   1.0000   0.9370   0.6511   0.6840   0.3150   0.4322  -0.0423   0.0085
k_2         -0.3024   0.2099   0.1532  -0.3024   0.2099   0.1532   0.9920   1.0000   1.0000   1.0000   0.9370   0.6511   0.6840   0.3150   0.4322  -0.0423   0.0085
c_0          0.0316   0.0039  -0.0420   0.0316   0.0039  -0.0420   0.9600   0.9370   0.9370   0.9370   1.0000   0.7086   0.7365   0.5246   0.6230   0.1378   0.1868
c_1         -0.1290  -0.2254   0.3825  -0.1290  -0.2254   0.3825   0.6156   0.6511   0.6511   0.6511   0.7086   1.0000   0.7278  -0.0220   0.0656   0.6761   0.1554
c_2         -0.1356   0.3663  -0.2055  -0.1356   0.3663  -0.2055   0.6508   0.6840   0.6840   0.6840   0.7365   0.7278   1.0000   0.0073   0.0978   0.1414   0.6722
i            0.7090  -0.3927  -0.4592   0.7090  -0.3927  -0.4592   0.4325   0.3150   0.3150   0.3150   0.5246  -0.0220   0.0073   1.0000   0.9920  -0.0281   0.0286
a_0          0.6335  -0.3452  -0.4160   0.6335  -0.3452  -0.4160   0.5428   0.4322   0.4322   0.4322   0.6230   0.0656   0.0978   0.9920   1.0000  -0.0323   0.0283
a_1          0.3132  -0.7690   0.3968   0.3132  -0.7690   0.3968  -0.0439  -0.0423  -0.0423  -0.0423   0.1378   0.6761   0.1414  -0.0281  -0.0323   1.0000  -0.0162
a_2          0.3187   0.3631  -0.7499   0.3187   0.3631  -0.7499   0.0119   0.0085   0.0085   0.0085   0.1868   0.1554   0.6722   0.0286   0.0283  -0.0162   1.0000


AUTOCORRELATION OF SIMULATED VARIABLES
VARIABLE         1       2       3       4       5
n_0         0.7688  0.5901  0.4478  0.3360  0.2369
n_1         0.7907  0.6275  0.4945  0.3882  0.2968
n_2         0.7919  0.6294  0.4952  0.3861  0.2954
s_0         0.7688  0.5901  0.4478  0.3360  0.2369
s_1         0.7907  0.6275  0.4945  0.3882  0.2968
s_2         0.7919  0.6294  0.4952  0.3861  0.2954
k           0.9919  0.9720  0.9434  0.9086  0.8697
k_0         0.9919  0.9720  0.9434  0.9086  0.8697
k_1         0.9919  0.9720  0.9434  0.9086  0.8697
k_2         0.9919  0.9720  0.9434  0.9086  0.8697
c_0         0.9724  0.9385  0.9000  0.8588  0.8145
c_1         0.8750  0.7691  0.6808  0.6080  0.5452
c_2         0.8778  0.7797  0.6960  0.6252  0.5632
i           0.7756  0.6018  0.4627  0.3509  0.2563
a_0         0.8005  0.6444  0.5179  0.4150  0.3268
a_1         0.8051  0.6476  0.5223  0.4261  0.3462
a_2         0.7965  0.6431  0.5179  0.4181  0.3347



VARIANCE DECOMPOSITION SIMULATING ONE SHOCK AT A TIME (in percent)
              a_0_shock         a_1_shock         a_2_shock  Tot. lin. contr.
n_0               79.75             10.17              9.20             99.13
n_1               28.57             58.32             13.19            100.08
n_2               28.98             14.79             53.49             97.25
s_0               79.75             10.17              9.20             99.13
s_1               28.57             58.32             13.19            100.08
s_2               28.98             14.79             53.49             97.25
k                100.01              0.00              0.00            100.01
k_0              100.01              0.00              0.00            100.01
k_1              100.01              0.00              0.00            100.01
k_2              100.01              0.00              0.00            100.01
c_0               94.74              3.40              3.07            101.21
c_1               51.59             49.56              2.80            103.95
c_2               52.56              3.16             45.66            101.38
i                100.01              0.00              0.00            100.01
a_0              100.01              0.00              0.00            100.01
a_1                0.00            100.01              0.00            100.01
a_2                0.00              0.00            100.01            100.01
Note: numbers do not add up to 100 due to non-zero correlation of simulated shocks in small samples

Total computing time : 0h00m01s
