initval;
n_0=0.43678160916999265;
n_1=0.28160919541500373;
n_2=0.2816091954150037;
s_0=0.436781609163236;
s_1=0.28160919541521295;
s_2=0.2816091954152122;
k=9.631391201038765;
k_0=9.631391200908292;
k_1=9.631391201172699;
k_2=9.631391201172665;
c_0=0.8739595719310351;
c_1=0.8739595719454415;
c_2=0.8739595719454395;
a_0=0;
a_1=0;
a_2=0;
end;


