initval;
n_0=0.37179487179683063;
n_1=0.31410256410158455;
n_2=0.3141025641015847;
s_0=0.3717948718121434;
s_1=0.31410256409415066;
s_2=0.31410256409370596;
k=1.3313609467614622;
k_0=1.3313609467642475;
k_1=1.3313609467642484;
k_2=1.3313609467642484;
c_0=0.36242603550729396;
c_1=0.36242603550347124;
c_2=0.36242603550347147;
a_0=0;
a_1=0;
a_2=0;
end;


