initval;
n_0=0.37179487173572096;
n_1=0.31410256413213966;
n_2=0.3141025641321395;
s_0=0.3717948716821555;
s_1=0.31410256416088195;
s_2=0.3141025641569627;
k=1.3313609464344163;
k_0=1.3313609462714224;
k_1=1.3313609465284366;
k_2=1.3313609465284395;
c_0=0.3624260353881105;
c_1=0.36242603549913643;
c_2=0.362426035499136;
a_0=0;
a_1=0;
a_2=0;
end;


